"x"
-0.938019459650906
0.145560016278997
1.55091109736599
-1.17187245268895
-0.119985897886438
0.0930431138989874
0.669543595608664
-0.279699796691743
1.94820544547718
-0.178619405110759
0.378752340765033
0.943801214896436
-0.43295393464336
-1.08101350384504
1.74562100014822
-2.35454766155968
0.840479883702305
-0.00373261871628029
0.974929290604286
0.393391274846001
2.05472921502309
-1.24153933827788
1.55270697578501
1.91833309420955
-0.0346533735420019
-2.49542102506474
0.438438908846615
-0.637158932300933
0.753933548142539
0.250523428081462
0.700579476653694
0.279896338931778
1.03837126144531
-0.324234118782481
-0.817578364915795
-0.636259755618798
-1.76847628141064
-0.943698909794584
-0.599599740961306
-0.286525778090795
-0.423829517865536
-2.00199097596466
-0.882717303822308
1.86714314077633
0.583939350171703
1.95466276487825
-0.34559591891749
-0.130596156053093
-0.224070005716588
-1.24037934014269
-0.879293654309175
2.03017021219878
-0.602790225670679
1.23825736688426
-1.08893042019865
-2.00877741422013
-0.363112640453203
0.897833937276017
1.10154256597032
1.63482514752366
-1.83084321675798
1.99505252882766
-0.743924001957596
0.118830804285431
0.467485076122381
-0.86097090905924
-2.04180150591879
-0.519696524390765
0.0447217621733398
-0.936589126893131
-0.962421468767083
0.29140472580275
-0.181498025606383
0.395978216724981
-0.0934122381031672
-0.948232402358255
1.26610074435992
0.733485789251874
1.01469282519225
-1.45200453398687
0.958056915363214
-1.73821068985636
-0.573866848224563
-1.41417224923731
-2.25122521924553
1.78558152008724
-0.694089572664837
-0.3247584963442
-0.427198538517488
0.347744605227093
1.56347767540168
1.64437734249412
-1.22519251463175
-1.40033686782972
-1.55480925702012
-1.29480767929673
1.92304642722284
-0.0319407326888057
-0.883628968945613
-0.641768593190346
1.03666345228527
0.221435811130752
-0.354398925368935
-0.790487790981124
-0.90324497140568
2.0118785082676
0.90189829869567
1.97245926665579
-0.461680288044248
-0.391022738548555
-1.06870449889085
-0.290539062503188
0.433052045630326
1.3216213683602
0.525516123444151
0.41714601640043
1.19342038511575
1.10946288296933
0.0671775277085761
-0.824230895532076
1.20368374739869
0.0994920550557453
1.67390345160688
-0.470963245732961
-1.08558176281482
0.498882415469345
-0.710309328299055
0.600278410710229
-1.76648299662728
-1.78495419450047
0.651362573840636
0.291919261714232
0.83293036105998
-2.05922929676492
1.17501498383512
1.16291029542612
0.994201218213312
0.748130810423221
2.07401584198547
-1.49584951078089
-0.623682028670543
0.370812267411253
-0.847935595696597
0.0460945991565397
0.707896302272055
-0.694369692571622
0.6186094998197
0.511232821365753
-0.847682895267129
-1.03865326148443
0.937929236235709
-0.209306996620717
0.683804542718844
-0.885435405298092
1.2398381890043
-1.38496440394335
0.7270258577219
0.425382297363613
0.228843667359065
0.62904368813115
0.35953667431191
-0.678741474101494
-0.307761699628927
0.320884185696463
-1.3546691832673
-0.925052794567269
2.04098176788156
-2.14234862909124
-1.28018424088787
0.952496097034823
1.05088974794982
0.801662511037158
0.0173546376831437
0.284822243309316
-0.945786595939277
-0.692877979960872
-0.302494607546192
-0.975831114591367
0.782940096496647
-1.66658493728965
-1.07173264452156
-1.30364690371164
0.353243470878616
-1.17293682365351
0.50545839420708
1.13898443899021
-0.0143285229566046
0.47639838428629
-0.694807124258414
0.464887917433109
-1.31385391787146
-0.116499452828592
-1.38717693796647
-0.306364013761609
1.04978903531667
0.662144262754739
-0.483102126667065
-0.829442938185639
-0.89781324960556
-0.787271320309644
0.258884348627018
-1.06086295802097
2.83611679768974
0.179477678567089
-1.00777613337559
0.344883017065113
-0.161700112799149
-0.390735406120488
0.560870384717823
0.192062833562461
0.988369316625861
-0.564928577935664
1.75962174290843
-1.47620314848174
0.0993195172947495
0.412622072231041
1.17721368927659
-1.36630370993046
-1.18114008413072
1.63886171462196
0.359215059920919
0.677120698263613
-0.834125955113935
1.88748140123785
0.0309587816589817
0.43046828624361
-0.129602349610255
0.856053030109879
-0.413936589932632
2.2224429494242
1.5361427992641
-1.99720150628919
-0.659961407377732
-0.0695974344461609
-1.76414767075629
-1.09482446919009
-0.611219781061409
0.443925194232799
0.0564854625917403
-0.628425920787068
-0.121516742484461
2.85366703743402
1.1351945063012
0.510966360346783
0.740812801527065
-0.605679264269871
0.0635276565198646
0.242394609698449
-0.514826946753647
-0.498372407299371
0.462785576317554
-0.445408825695807
-0.217282771079162
-0.359680364272159
0.805266688641912
0.444869030380405
-0.343779297667802
-0.325174069752114
0.942482905814732
-0.211206467807086
1.30566795592537
-0.138122968564482
-0.362135388915232
-1.95754782892256
-0.687726893111997
-1.44138524554282
1.89481631443775
0.422747605100482
0.488724616108099
-0.0763522978202384
-2.76433327878882
-0.0868040546815206
-0.0348550166666688
-1.2669598588492
0.211746955937206
1.56829483280313
-0.0751789360855887
0.991546534291302
-0.440313830605041
0.0277566448783052
1.99962552828878
0.611009587392182
1.24189948823797
-0.668853210695743
1.31299912249794
1.63579798669116
1.13509855015079
-0.0334101304871511
1.26810408875207
-0.132742349464092
-1.17024386579667
0.548732810026998
0.0497141049994294
-0.27295489540189
1.45067367848804
-0.39428704637319
0.379751689539827
-2.14055553213112
-1.41237997568716
-0.725211168655949
-0.358253246355565
-0.35561924467553
0.846207223552278
-1.928185431168
0.693808855649249
0.752272157821835
0.155580787252243
0.883124755149992
1.20394055818032
-0.721913588418134
0.476596009451592
-0.508596417648358
-0.542499465663263
-2.01690466618013
-0.610001150052136
0.436528958622355
1.179661354986
0.0782876718453261
0.0489155998415363
-0.240553255518856
-0.539019869574746
1.05189711216049
0.883578301184435
0.325566023904699
0.256044123599213
0.491238500189084
0.930816481586261
1.87220990053768
1.46571645395725
-0.351950786885043
0.910010500788589
-0.127419359702264
-0.233650920885079
0.690865324703289
0.990531600945598
-0.347305396891694
0.727427456236214
-0.061086176992937
1.45543366087774
0.408830063656003
0.135671090466454
0.348291766800955
-1.33065729606057
0.192295979985013
0.681756182835859
-0.291453390066121
-0.359130757914355
0.945494700051123
0.79003172322308
0.343836949572728
1.41850365215281
0.627979727585901
-0.410227751608856
1.51125054699471
2.29357425973907
1.36217407259816
-0.982425143723185
0.7951001081849
0.696520664079382
0.0838255550729239
1.51837482315041
1.38604759075143
-0.398958776519753
-0.538178124425212
-1.92775143401332
-1.18113858948307
-0.497095077778364
1.135703580963
-0.360324177536358
0.00214376875639985
-0.216879682866127
2.24897311940011
-0.844558779445747
1.19310008527874
-0.0741018328501683
-0.703152212357019
-0.289618573974889
2.49776647652276
0.118785261145206
0.713702038131591
-0.468041383969587
-0.779587755746094
0.104289035537245
-0.755821484665657
1.27909595427061
-1.61650916213934
0.00663912402271595
-0.0681911677258891
1.3759013046529
0.790985371929802
0.144060395683232
1.30220601888347
1.16474780455459
0.833699490245501
-0.15622169045216
0.30380448006748
-1.02672489249915
1.09000490512987
0.190616183238074
0.880512938419405
-0.254034358157962
-2.76598418213589
-1.05556369738303
-0.870136235488273
0.819549127001596
-0.27850990775898
-0.744025686071834
-2.49591189521593
1.11032747628731
-0.0375289469637327
0.0214364325265864
-1.14649253304
0.161421654081104
-1.27224265260786
-0.166339216538777
-1.35462915002019
1.06992473672427
-1.04902847425389
1.53884538669461
0.251882014673881
0.701171773223204
-1.2972814128296
1.37472165808945
0.695118769487915
1.24427338736169
0.860709682070039
0.492404394777468
0.746300263375395
-1.22680242160026
0.306978037347839
-1.21444433075423
-0.377214595738848
-1.06550911688934
1.28742495205146
-0.0020649553324792
-0.117072001139188
-0.480861037214266
0.175012960924951
-0.05143020145296
-0.493451619070978
-2.14497975709218
-0.322693117378167
-1.61321062528934
0.257256610143243
0.2081770325673
-0.17680774780542
-0.755139225484026
1.02760279587118
-2.06330982311537
0.467270147712932
-0.652831482132049
-0.0132916970691408
-0.293127400122418
-1.02002238563393
1.54473434498906
-0.309092865276266
-0.545965945987087
2.04114940645426
0.631450588626788
0.164827641231414
-0.0768149441564804
0.0766022665878876
-0.296040926955516
-0.715327990670948
0.90400883676105
0.454264547629487
0.404962563711345
-0.109670263927948
1.26450002509948
-1.40120778566482
1.51738124744354
1.41133426777238
0.890229776225982
-1.34904769741875
0.237465540135106
-0.84011592543503
-0.417149155585202
-0.646230883848395
-2.47084394308859
-0.553494105857772
-1.11328595204454
0.0979972265992344
-0.936098973600032
-0.118297133208406
1.5589154629482
-1.2456467881627
-1.70466073147211
0.0298641065027375
-0.989378731184621
-0.992387421173712
0.829917461710022
0.119213402446264
1.2586533165151
-1.12583679168553
0.353834733193004
-0.0656780481635024
-1.29774884217344
-0.976856271655821
-0.236615406177469
0.102908034818831
-0.50016062133232
0.579363855429389
-0.7612310251933
-0.624090808562615
0.177088166967142
1.20748152461637
-0.808790349238828
1.17549982178912
-1.1858534628487
1.43304530915811
-1.54454577134664
0.102418079858002
-1.59860998627284
2.14047320860262
0.25608083238735
0.405674222531138
1.78165147168491
0.597178981727853
-0.0518794029863655
0.772733734742978
0.11072168405639
0.778902378045777
0.369439898138433
0.103251442660842
-0.143412415305531
0.663511395160065
1.00288157713881
0.00961285593134832
1.71764783999263
0.012701019082498
-2.10937525462918
-0.41084297754626
1.65632510105089
1.11264099148369
-0.144388847192053
-0.556153516121539
1.48663344899703
-0.366023923834234
1.21333764817618
0.612817496182277
0.052659234696644
-0.10353870908207
-0.877047661359645
1.69204678031214
-1.00830571286732
0.527710103522695
-0.490976906493975
-1.13932337738826
-1.29631349334191
2.12069947764465
0.301172697365661
0.498324674311104
0.920412453502705
1.38456683266641
-0.206139555405282
0.7499666485477
-0.666907280346966
1.97322703338198
1.44414038995532
0.125425973213366
0.703999998734702
-0.805350609095096
1.42430487189018
-1.39596868292297
-1.259499089053
1.40133452467488
2.65391876629716
1.35284114187426
1.06417432819379
-0.311760762835821
1.11457210911717
0.68194446543456
0.0250610208153693
-0.109425513651563
1.1572036814135
-1.1760948910064
1.02702956493016
0.011627402822072
0.769548875764011
1.30453832063769
-0.591192420175645
0.595189460992245
-0.364972237788632
0.807966006155335
-0.0225294465687681
-0.365668458189568
-0.926880386372328
-0.371552724772576
-0.0501389922564725
1.39616154700942
-0.795276362653235
0.457427046993748
-0.90901829181207
-0.151336723936531
0.160208889695058
-1.68782979092281
0.747711356874331
-0.192785742331061
-1.60523468651077
-1.11107984943669
-1.15654291983044
-0.154009526589811
-0.935722436089588
-0.694786234287425
1.14109532298332
0.913514196470469
0.0684920367792365
1.54884970165564
0.787887877201972
-0.946545996893566
-0.421635600393663
-1.25862307195399
0.480139736380243
0.502978834433723
0.0907162445080647
-0.289439119660563
0.921887986150053
-1.31332966998472
-0.604794701442223
0.244029138061227
-0.580948012982213
0.723211043396175
0.0791463179809061
0.0511473823720895
1.26863915016629
0.313011322693725
-0.837827296890719
-1.87476763747226
1.0647779964376
-1.49775262435538
-0.243286042739987
0.741779433087685
-1.03721460000384
1.23616366402421
0.175221842121943
-0.749181768303254
2.02669643810975
-0.855172601051298
-0.0660897789184899
0.82103726592922
-0.502608321632874
-2.00479545655343
-1.56113880799919
-0.90142427549552
-0.522474416970414
0.734399447847804
-1.23082279197122
0.333149013334793
-0.985204785768862
-0.645755863813121
1.27633677231978
1.69829009056274
0.389557387348587
-1.09019575019827
1.46320987641584
0.0841835565631875
-0.400315033079367
-1.14408053592465
-1.12743452693016
-1.02153907420197
-0.926195768576095
1.93572023745993
1.68504211402142
-1.00209918080025
1.11938143729814
-0.635046636708166
0.637283796929987
-0.643406489385043
-1.70834786093916
1.21217979059247
-1.57330748774134
0.317589241445179
-0.699483170630251
2.2779799596975
-0.0545947002419399
-0.815715478117176
-0.758966182112056
0.0492717799918383
-0.510957713757693
-1.77281885175425
-1.6534737247487
0.201888618251443
0.113912754499925
-0.633773402123875
-0.635020114650966
0.37870334773562
-0.511899055123433
-0.332025660973781
-0.450902179294603
-0.284279686323588
0.105480941723018
-0.876908024526485
0.953470067433216
-0.49198742453891
0.104455053795583
0.00654243730026864
-0.802482579967019
-0.478976770773882
0.696699954464804
0.595281163311246
1.20122412587275
0.192686006534589
-0.354565104560792
1.46262152430036
0.0300917117015723
1.29667346237407
0.142941415696558
-0.13583699100101
-0.891559499530553
0.23032498319029
-2.30239017888
1.14119970501734
0.864005648106401
0.588177183616008
0.211772753078818
0.51397709236897
0.912750659871385
-0.755284459077228
1.855281349378
1.35805992380226
0.0739806213146399
0.335999914278788
1.42736519617628
-1.2839175891362
-0.743434473935268
0.829129648524225
-0.133041074266026
1.22590068527857
-2.73035612088831
-0.946862204617502
0.670827442878712
2.05871763299508
1.08757576951381
0.338261394096835
1.0714596477504
0.600325227055955
-0.399036536007699
-1.77419795774367
1.85477935883669
-0.371780162530218
0.169494292885161
1.69779382822264
0.939713951477726
0.521498123926042
-0.404007210650468
-0.484252270544894
-0.426983901541856
1.79545677671709
0.80713639394753
0.291532527285719
0.382792149015804
-0.475385214414595
0.166353253308311
-1.61081465344697
-0.0574485513141625
0.0641220954644773
-0.875782763940459
-1.23619647571316
-0.763004187676917
-0.0365811724925462
-0.380900280458025
0.302966336013272
-0.413455697442976
-0.0552959182081201
2.56901912032677
0.633884232048568
0.100183873169211
-1.06575049551023
-0.327719930917561
-0.891742657821845
1.09694221650237
-0.276853421035508
-0.618157702045063
0.330213853019192
-0.611344353477
0.42492174296355
-1.93775837238722
0.164510015456341
-0.120712638656706
-1.55180299815494
-0.0511241929509505
-1.1911378836827
0.0769951206177622
0.308287754264892
0.508251427556334
-0.558545972647976
1.25771505721635
0.915149997436406
-0.136457031088786
0.355209773889775
1.50021127732712
0.330402837427078
-1.1691135194521
-0.23608138050191
-0.30449273582558
-0.430374094151597
-0.0221559960785033
-0.331279306885242
1.12815893094742
2.39656511333699
-0.669699437198646
-2.31776139101948
0.295899909849551
-0.253646121109804
-0.0711947840607445
-0.736851361940682
0.930447062978102
2.36077146400776
1.43899895416859
-0.507572784361589
-0.630034178717338
-1.02877907006302
0.121377553096229
-1.73806629414658
-0.194202098006241
-0.604790650256548
-1.92924089716747
-0.392027146533151
0.265160024774438
-1.36311118347497
-1.49927781904028
1.10982410334447
1.1749709570211
0.11925458789939
-1.8049797660236
0.221012047383457
0.122750849915111
-1.56061942920224
-0.227333691996737
2.14739947612632
0.304351261161072
1.89732916043756
-0.601381430172979
0.480881257094547
0.942975600858132
-0.429715917081823
1.10858338636435
-0.855256110689197
0.379832716839945
0.399020637172912
1.95292920701205
0.945478186023713
0.972449506375004
-1.97624322240195
0.449159077100983
-0.502883945007938
-0.201143480585568
-0.0251401641727693
-2.37713995705632
-0.361237483734212
-1.16609027731119
-0.286308345659647
0.764076356135246
-0.777002360078968
0.557808915272066
-0.457573159971567
2.11457609270917
-0.503821866762639
-1.39423140779588
0.653502308582666
0.84551161348989
-0.431829467513241
0.813732012509952
1.47933190051337
-1.01250786593371
1.58845207833053
-0.517933655877231
-1.13824759021542
-0.0420013526585733
-1.58319456005455
-0.7651847880133
0.927312122505164
-0.125849140803997
0.359074098019244
-0.471292240156448
-0.0693187707235191
0.318871315323188
-0.412088827905051
-0.752134464267107
0.50967850342196
0.561341385787467
1.65881104536031
0.732505894141063
0.027093592582708
-1.43854067291953
0.492095658983035
-0.700921771868047
0.546060774760589
2.06257234559498
-0.927521026040472
-0.0468409172957209
0.0597126796486262
-1.11282447672026
-0.807049790280608
0.352747746430009
-0.537392386634213
0.290915642783408
0.778811390568811
0.263459529851713
-0.191473910093019
0.190519192756017
1.05471294860432
-0.0367142618602242
-0.172394337258543
-0.107604582001444
0.266798531023965
0.576626494559686
0.0116929921319863
-0.986293135878372
-0.613854515042971
2.13889716657768
0.162803048302282
1.21799731926377
1.02826975735938
0.993791555943318
2.97426765973386
-0.309320784412265
1.00404689285564
0.551298723903698
-0.758012999450576
0.606560495886167
0.943413884783456
0.0197671988638052
-0.0218630544470329
0.325712976582047
-1.17582443899923
-0.187574688008281
0.222665442165151
-0.2189530754419
0.539283548444352
-0.473878494835942
-1.0719011202009
0.203734819941025
-0.507704797501933
1.44053835229197
-2.6833478066078
0.936842105281896
0.779541272824276
-2.19595044647492
0.101051253369647
0.316685574798272
0.00601392844394349
0.385479220911611
-1.26236505973207
1.12622263532028
-0.0176264306224422
-1.64478066608101
0.422694942937895
0.00894822675591411
-0.679875746237148
-1.17060818558699
-0.313147331888724
-1.29523346451567
1.6475316656229
0.0198111427142157
0.535833464230973
-0.175792683769836
0.605080873347205
-1.11748612165783
-0.115419358782393
-0.457720414898888
-0.59012092262234
0.224744446688089
-0.881211486481704
-1.01981177710473
-0.883588159636333
0.218861697652599
-0.101337950740809
1.84934649026322
1.09458579835984
1.49493396662902
0.251510564067632
-0.745048581347136
-1.21786795929525
-1.20273752914952
-1.62273026073417
-2.08745729775619
0.190027784410234
0.280575923379988
-0.284204385219069
0.841325667933389
-1.62115711159285
-0.597696119932876
-0.289410016398087
-0.684838740649551
0.0155761376740692
-1.46251255232232
0.241102631953679
-0.977494844164473
-0.400443233312652
-0.474127795495301
0.491997341664837
0.599446618615151
2.79793383125722
0.305501746251329
0.616836280245782
-1.72222369901885
-0.375633430400876
-0.210534305424461
-1.54891244997187
0.427383513109274
0.916669378957355
-0.988395678304399
-0.000971619947141836
-0.871876383407513
0.518507531187564
-0.151890312063345
-0.998844525000723
-0.508458362271733
1.00691090805287
-0.0362879942440952
1.03885307242637
0.519480906338987
0.653529614156276
0.619278703336229
-0.367185883917737
-0.344648099511051
-1.59711826938241
1.43316288916144
0.123007490750516
-0.334240764605561
0.817948739105437
-0.613276952963997
-0.210698280941304
-0.44635320265224
1.29324409036698
-1.40644856094773
1.39387348139131
1.06885125807518
1.24368729322186
-0.0211797995868603
0.615280516932564
1.35770148482156
0.249432565126603
0.984101944740592
-0.369576673357611
-2.10108405829396
1.14178324009079
1.04248617413518
1.67456042336354
-0.6266054735603
-1.48800039480609
-0.856289296439593
0.0850379248600013
-0.937096137268648
-0.559664001034814
-0.60230210546243
-0.450023400184543
1.2325571226107
0.468882279292072
-0.58858170713727
-0.094105625425861
-1.01606240483743
-1.55442355285851
-1.43776381808173
-0.800726418573821
-0.304760591841312
-0.891765895246636
0.179911785159606
-0.939589127945288
-1.70064696693011
-0.178245580396571
1.21921343850827
-0.580462149624178
-0.53320543496995
1.01215462316593
0.856352593726861
0.394211506618117
0.0377195967031055
0.783527675869003
0.928637496228171
0.183912410088636
1.06940999113309
0.742974037338217
-0.87744496288168
0.253032369049623
1.2749137147169
0.0392503885121663
1.55611537402828
-0.757483923676028
1.28437756204995
2.52999375132273
1.33242157855817
1.11737723556062
0.0905652806552681
-1.52682478123645
-0.803554791872672
-1.32989526485
-0.972733121899113
0.237081890396981
-0.108710099680439
-0.528634049683081
-1.04721238139505
-0.544124326807672
1.26228998393901
-1.13511099377848
-1.28429894137081
-1.00148557578393
-0.336324346266943
0.665404145438681
0.390082939877103
-1.17679552198183
-1.32116962026016
0.0579044802747931
-0.670046966188687
1.41757123846803
0.867510176770835
-0.66484270179476
0.250651597238227
1.28482793303781
-1.03791526290489
-0.821234803019278
-0.164047539881782
-0.830040795244794
-1.45260239967133
-0.143609029163962
1.1490166883022
-0.012250599826467
-0.214282931434266
-0.251679205349132
-0.702196384818307
1.53348771632848
1.87852567744576
-0.379187083287105
-0.778863934510427
-0.654801714234915
0.347234377030755
-1.39479125978678
0.944957888891798
2.02039475881704
1.12132355844928
-0.434392186198448
-0.00100567044436362
-0.191600496911789
0.58521854870639
-0.779856980765149
-0.274907448532405
-0.185731588006896
-0.0193882081767051
0.267842165839088
-0.880985993570892
0.490005594380119
0.782165659863441
0.196133485805508
1.27414140000876
-4.12166496962821
0.804323639979165
0.90839109450187
1.16047481577432
-0.607250506385975
-1.68566797257734
-0.40233010953113
0.791038241319482
-0.579294326150253
-0.518025342413636
-0.734424173482099
1.66686669605689
-0.437465226864692
-1.14703837694461
0.567374247416843
1.46665130465658
0.977665457130692
1.23538458935451
-1.16357947703453
-0.496343556843655
1.07327019364425
-0.0679993205400793
0.367246783110247
-0.745571460393034
-0.400527694111051
0.203241502727555
1.57986023016233
-0.148318777943657
-0.110578864239369
-0.696484912228412
0.883609932979434
-0.745789402055339
0.83320714689503
0.330154121306814
-1.20294863680625
-2.2216160254985
0.191448662409296
-0.730409399574979
0.411101786627612
0.895412836021593
-1.15457351924759
-0.112618503668922
0.198156928800571
1.30777823840549
0.742569772213518
1.00358104688589
0.388375279639554
-0.671682950601464
-1.13441221736055
0.140801544099444
-0.336139618078717
0.570785204726278
-0.864458335326377
0.554544950712674
0.576535727570516
0.429739412723155
-1.3423640049263
-0.292690671855666
0.927713464073465
-0.251048288963598
-1.43402901046322
1.94198126763003
-0.644298887896323
-0.920013736699877
0.33180830229403
-0.4580803131101
0.0185665969561092
-0.170622189248181
0.729344046762481
-0.00212782452437522
-0.6399481457675
-0.108138390816357
-1.10308129633255
-1.0102375857477
-0.602688602492709
0.895583820559426
-1.3285835865833
0.771077754253957
-0.943389734783055
0.882115453636358
0.00108896118836345
0.449766983152854
-0.241788263864175
0.441201766496116
0.415703024373003
0.314550429494527
-2.03234711625469
-0.368358374879704
-0.950021125142283
0.198614643989073
-0.0155085165579387
-0.401473128398588
1.2680458822999
0.708135572111692
-1.5640296472504
-0.0316881108048005
-1.746953957089
1.02774588908125
0.955611623284142
-0.4607620178822
-0.369956370670502
-2.11387530811981
0.896811354766635
1.51283759660764
-1.17302076592995
-0.872345048415421
-1.10098969383048
-1.43830179933794
1.78784584653932
0.49615805008656
-0.704092803090437
-1.75320184538848
-0.738601188146343
0.448468866789564
-1.11574685000245
0.457885636886708
0.870510392591059
-0.56009273688081
1.96957182611276
0.869264842223759
-1.44128613408186
0.714130506048371
0.240606712516984
-0.253205506628298
0.54685497952491
-0.327325741499489
0.0940625205426752
-0.0774703522711648
-0.330330647647301
1.91074022416902
0.635028591630681
0.16290994113073
0.586301517203647
0.442985097196142
-0.238324028943447
0.700863962623239
0.0716466562756897
2.37510511779914
-0.656584905145997
0.836605242568205
0.495339983209262
-1.0936279087336
-0.580614494167135
-0.814824964415097
0.62475561900829
0.484452038089682
3.07788650924833
1.86722848252726
0.0980365070190404
-0.929131753979656
-1.03114995705482
1.8494424603623
-1.22288267219129
-0.405731635460655
-0.337811532180795
-1.64462458483427
0.391553945040021
0.957814748257584
0.144295223334393
-1.43694234801093
1.19830846173838
-0.943236093088711
-0.423376003973898
1.11824181816235
0.494335606410863
-1.21708117270034
1.48347553713674
-0.565462667352888
-0.638682240517846
0.0991938937081928
0.292500894044237
-0.499759690006514
1.47723391137759
0.642941950958226
-0.643787051318726
0.0310496960559074
0.588086618019592
0.579907907894368
0.523252901547233
0.310359698664633
0.646150368989692
-0.230963031847973
0.608802835542497
-1.13079030888599
-0.493027527848241
0.662522356767784
0.0267057619205297
1.12086566670075
-0.0259882006923051
-1.03245976466094
0.784533914226289
-1.55522297110568
0.0535347412426762
0.0695648223493342
-1.28457930334302
0.260286585189107
0.0537303883687131
-1.73651566646269
-0.405242691767215
1.16790960183114
-0.601660111198022
-0.391038845382736
-2.02275969489642
1.32291873881917
-0.638053186718722
-0.213464995410783
-0.465971424116441
3.13119435691579
-1.95152453337207
0.332808850800769
-0.484520359162208
-2.58473382187886
-1.35688052662393
-0.258377970194682
0.0782589499221122
-1.24680491299933
0.279073740882773
1.28646660749252
0.206771426521936
-0.0600031476554824
-2.74780330262516
-0.494131141099622
-0.568074551634224
0.105699218516824
0.447885254519981
-0.47722203998696
2.48708646668487
-0.484247912922408
0.289787591959229
-0.763211188347024
-0.694182046577661
0.722365551391095
0.196674510192664
0.058767203225282
-0.519057425663316
1.24609726838484
-1.01428269563733
-0.35819368960458
-2.04635472030155
-1.28348797006501
-1.94747021621956
-1.40058098839341
-0.0901266599483911
0.455080672044234
0.30575861065892
-0.859666629289648
0.745722775978126
0.737274943260275
1.40414726054965
-0.0468676650807801
1.08772287510767
0.885151630176677
1.30452052623588
0.45998258058361
-1.13824641908693
1.11076647731625
1.94412588910794
-0.250182727237455
-1.15653258470177
0.291534560953124
-1.52036444460298
1.82988480606934
-1.3032282449842
-0.183887396333286
-0.104742787345837
-0.194504742678933
1.02212013947377
-0.641995184469962
0.626143946808382
-0.0412905201869585
0.338491814677665
-0.252822402775756
2.66143248678901
0.823773727548131
2.3664217874241
-1.70067142845903
0.401073530741654
-0.785281078796155
-0.0506650098247089
-0.684319565251731
0.649926893689046
-0.483365444810549
0.536429557769244
-0.188431780975697
-0.84302622666759
-0.00501618005492548
-0.0405882383734799
0.857343551748867
-0.142613678855539
1.20245368342553
-0.847577121093553
-0.471859645950592
-1.00333943070447
1.48072739888829
0.206515587587468
0.628511271619694
0.283335067071032
-0.125377177955741
-1.25532145496862
-0.533399111376214
0.906362833614301
0.245727199145652
-0.45697784817597
0.321760394985332
-0.0197414760836771
0.220711314252085
0.0819141771518657
0.97460239678129
-0.411648359517469
0.38726975484436
-0.877722741169613
0.391782413871469
-0.241423608081003
-1.13058256711355
-0.173151595473296
-0.905784520715163
1.33718796115178
-0.497468425981185
-0.196825451818891
-0.211795967131064
-0.811941039981091
0.352789222334096
0.00066910214824901
0.133760733530887
0.306977030935855
-0.0785782539022183
-1.3047018761733
-0.080827836899208
-0.790448531680859
-0.840588913482179
2.41440132938828
-0.821228329788942
0.733181309856045
-1.12703489784772
-0.147686269748334
-1.42305131724011
0.525189609723863
-0.00994999006916644
0.44348278312294
0.349187958355488
-0.219876139532239
0.90216805973918
0.667154426760499
-1.22391882011954
-0.0197985470832191
1.13542330039661
0.241518956670554
0.870138800838812
0.128616049730108
0.150662649646853
-1.03378916730425
0.129568066617513
-1.11670077349158
1.34303450641818
0.31629697235554
-0.888265771753751
0.0309480527169185
1.54424951101557
-0.0189668785144677
-0.163177031286878
-1.29908885382163
2.33428520548288
0.43735406952613
-0.155594723216809
0.327891134835305
-0.693799011374328
-1.3181846401323
-0.462856231367987
0.928739808412741
0.00821540775213899
-0.65055919115604
-0.874055248242329
-1.00741797501734
0.504264599432072
0.0629007127262173
0.127025742959133
1.36949519072979
-0.510199022789025
-0.549722514060743
1.43330863067657
1.00861347098287
-0.532888234688965
-0.556531175020905
0.586088016399625
0.174375588017477
0.631272167352853
0.513416376645798
0.413875661424953
-0.933160018063548
1.392084586919
0.815574133627187
0.703509951511852
0.132183066437227
0.383435788512728
-1.30336061454109
-1.3629031704267
0.326239594654081
-0.120623900787838
-0.223200898719991
-1.07512669419146
0.679928700076192
-2.86703113145663
-1.29344092676247
1.14664529051238
2.2193886034656
-0.971607343305026
-1.73382165652652
-1.12305826037606
0.99629841219474
-0.757630123909206
0.0590373603725894
0.304513736222922
1.40493862639
0.0556913050341665
0.183298677064302
-0.540408356649163
0.549550098509812
0.542591306382082
0.590800040504362
0.773381830287699
1.42646730533921
-2.04353373489833
1.24077963470534
-0.741148684834379
-1.24808012665512
-0.0149558814047425
0.820775669218142
-1.63456410153406
-0.874757270392525
-0.321377469129426
-0.162654397719466
-0.701722937319602
1.8514391630788
-0.35380341002397
1.10518297346568
-0.674043068732432
-0.198595393500621
0.890578262431636
0.385429865991219
1.07096648324768
-1.38007691311421
-0.688178825978579
0.256803917127968
-0.11956103659004
0.0108381903602521
0.089685976160422
-0.261421280698952
-1.34275106729423
-0.903009924975224
-1.73343940150722
0.326903441656565
1.25992792174532
-0.693076761827296
0.126361612944595
0.0886118504862271
0.299712305619727
-0.306964045797794
0.108784360888786
1.21910113986807
-0.686966211727748
0.141175908262834
0.192682696416767
-0.750777425936267
1.19418084080569
0.396510060855399
-1.9231504868387
1.04580008784592
-0.539509787651613
1.81426391868784
1.61712958528958
-1.09899294935893
-0.0614573473418283
0.644470412966579
-1.1737938432043
0.280173755486527
-2.43672205688609
0.149371190049777
0.628523815120603
-0.574514651828014
-2.2836902126055
-0.260603318436129
-0.0620800504202642
-1.58460653201584
-0.724876563472022
0.650406413056367
0.810427747198688
-0.915224272831291
-0.445278290601909
0.697532684167932
-0.214291003580487
0.183192520445358
0.38056651404347
-0.0822733143352768
2.09965612919093
1.1600550993286
0.357016460075893
0.101965224583431
0.653137271184029
-0.531131245107996
-0.399105218233586
-0.267532292118634
-0.807579167739181
-0.0412931919583565
-1.82929954661448
-1.29319584055864
1.08574874392147
0.198662468370906
0.187121840658707
0.705008479431156
0.14724714335173
1.35515792553231
-0.154401274690276
0.649110086709722
0.25955687316121
-1.0977601864695
-0.57077448604987
0.607442333433623
1.00688541115207
-1.69535375637226
1.36135041008912
-0.861991305365786
1.38287885872462
-1.47861155752025
0.521078694945143
-0.940085141443997
1.31468275187709
1.66802672103674
-0.307111941932969
-2.13380328583128
-0.314013484005472
1.92886621481435
-0.635096200414281
-0.523463649767182
0.547876762158568
1.73959208234078
-0.77233719805098
-1.96094309479689
-0.0561752514969066
0.264348170049799
0.764874792311981
-0.197703655326171
-0.0462633215735951
-2.01296950275905
0.267708445031531
0.299301619002996
0.350829811162335
-0.709607525159909
-0.338457092240153
0.252375087943114
1.27090904119638
-0.0130153165852942
0.128392919389386
-0.0925233289800337
0.678517075294068
-0.396566909957505
1.18890535750947
0.274533839876349
0.731967457307662
0.305607900315289
0.963703673940203
-0.906824417245385
-0.425154361727641
-1.2262701307333
2.03426745132335
-0.348514867127034
1.55381216244825
-1.28196462253323
-1.43519101297996
-1.19244798829608
-0.263899265725186
-1.28733748570191
-1.09199901348755
0.55528943935375
-1.83544181578823
1.10099624166599
0.142200385038577
-0.141593521419024
0.786943871101395
-0.488805290188858
0.16636549170783
0.0118362632798948
1.60221556060048
1.2356416917825
0.708167710534009
-0.0950002794780756
1.10842629914807
-1.13646889965652
-0.0525481070514964
0.471931474070889
-3.18652339385782
-2.5271571376729
-1.28167793131946
0.0124723542148176
0.429396729773422
0.354075086015533
-0.5858197398469
0.0655465186103263
-1.74594859277371
0.838376886068625
-0.926980136472686
0.0781585497518007
-1.08056667244245
-1.35054840632763
0.401545587961549
-1.65408434686402
-0.848025614021943
-2.40215469385106
-1.53090533547526
0.667789895675435
-1.6043331757629
-0.677742601217919
0.00817465271624323
1.32952171935184
-0.111517270355156
1.5759874804845
1.13495134735693
0.596628140775891
-0.375135175160612
0.0170534604431021
0.747016204991287
-0.474847083623428
-0.118624974761962
1.60102340818446
-1.4671834827304
-0.763145824787884
2.55275891404063
0.34687567125781
-0.113389650952343
-0.0821086978363801
0.387286682314789
-2.30584640955737
0.962956631012936
0.0234384554075082
1.49356911923078
-0.727290521788269
0.652271615296911
-0.510194834469184
-0.871003786037674
-0.229046611210368
-1.02488338802962
-1.82145154173395
-1.24265528778804
-0.65758776016104
-0.42124656413544
-0.392554708670367
2.27767581041754
-0.770002074114233
-1.79588594209527
-0.459885329181531
0.492976560490242
-0.170748430582387
-1.16819162081307
-0.846890103171264
1.11105095801124
-0.369992019482512
2.02491452284905
-0.575261977616901
0.861465356037755
1.56806248918418
-1.85331316149607
-1.88550031987418
1.70677638447833
0.507863941931018
-1.0791698298172
1.4627007697612
-0.380028553850207
0.276461256066481
3.50622313062376
0.331129939108154
1.63108806529917
-1.3971345242056
1.29666518784375
-0.32702519777254
-0.662635818385978
-0.304063996324944
-0.390769810667834
0.217870167403374
0.558040104890549
-0.0855375088579711
0.177221230703253
0.434540465709313
0.446545906055063
0.860558538273516
0.0329729104805929
0.0103663923450173
0.170825009514583
0.212864110895587
0.0781769121765927
-0.543908872174245
0.544113265700581
-0.841680432909965
-1.61497421204878
-0.645775653972152
-1.92601109669628
0.243821331352359
1.45921015241046
-0.569804320538403
0.681609628694837
-1.1257798029749
0.0380966999445818
0.770699160320854
0.524411920839008
1.05741388069721
0.96613454624923
0.299383432233126
-0.903385603313272
0.305519747122723
-0.466101302256961
1.35554835873363
0.92620676412981
0.53513028157054
1.00845198446903
1.32903235270156
-0.380799367571885
2.26610536716472
-0.00548830574487117
1.7076559449792
-0.0475095341579107
0.845254226405226
0.150036311367076
1.39990571826715
0.529468089099339
1.12543922284218
-1.13730662251391
-0.0903075998766206
0.173051635581119
0.108523427254712
-0.863261961218643
-1.24024317093918
1.44875784814964
0.0740755162355275
0.921563695707302
0.566654284632496
0.936748374172296
0.600636348516183
-0.262124866262099
0.269940888997759
1.0617119982367
0.970969364435563
0.00728674852081319
1.10561459845915
1.84494385013964
-0.466794618202133
1.765297055114
-0.54070423622547
-0.362849807361255
-0.137456351973542
-1.09707316370359
0.620725241548288
1.44228038536823
-1.78904950458938
1.71894023891553
-0.353168683665004
0.642620500010063
0.309656708613592
0.43392202994744
0.486262143720334
-0.137358369943234
-0.755967336635663
-1.50011067389711
-0.860386100124151
0.0294066844097534
-1.48643242605457
0.580153588128724
-0.132422565979813
-0.319270986075028
-1.01476739150597
-0.258318235200388
-0.277701039030579
0.326123946303102
-1.85187977544831
-0.0997785354717635
-1.08567831608863
0.328010708197142
0.0434175712004908
0.164249719205182
0.861149625804354
-0.504386288810559
-0.220074361928348
0.252752840899611
0.409635395730408
1.76293554439929
-0.399889677330947
0.96690416580988
0.473618170252782
-1.15922397446408
-1.47648357367117
0.123293897139514
-1.09182761509531
-0.504507823672142
-1.60200246219295
2.03922740840917
0.0687710267680683
-1.72887152871783
0.641418538070534
-0.0748749408483328
-1.52163756229404
1.06272100840582
0.236795128067174
0.150551740056365
1.70109185065723
-0.984259211824521
0.650751693887205
0.00553387610322928
-0.45612019248077
0.968967804611885
-0.954139529159935
-0.923144389357655
-1.49986120336998
-1.04777520474019
-2.23099441734574
-1.04166803418098
0.403376666199649
-0.439161541735008
-0.179941675095265
-2.28074394214523
-0.681853962622447
0.553196609999208
1.97934133873457
1.08634858554063
-1.61591386807422
0.114979020434319
0.229984625066611
-0.27097645709856
0.509490914344484
0.31309404299871
-0.0268156626245244
-1.31235047028665
-1.65821740713389
0.310123367181315
-0.20807543459029
0.547623102902115
0.200090071723557
-2.6774892628631
-1.60056865668572
2.31089415635895
-0.000264827077659029
-1.63343937423815
-0.757168459566273
0.350816196116475
-0.327453907575797
-0.747663151995967
0.684094625814421
-1.72306940088836
0.607594597106931
-1.63983828510365
-0.44224833807843
0.464128919705324
0.586496400512013
0.874276808826478
1.07150298142021
0.108890660388066
1.20302871332323
0.887571987038692
0.249862491308175
-1.93512466326062
1.25537474064442
-0.658891489855415
1.00308609851386
1.13825376989984
-1.54395239167474
-1.36864306755521
0.847059003155057
0.963063141579156
0.305625959734832
0.404607688316205
-0.401928976419722
-1.17674550786693
-1.91143687251454
-0.92067200429502
0.563125753150907
-0.0540719208173395
2.79256293053676
-0.136764875982579
0.777436919541923
-1.30749985514354
1.17791503636837
-0.212052023412812
0.377964146898327
0.779009370407797
2.89389765794307
-0.991930127734469
-1.11518918083972
-0.643293339943974
2.03774732451335
0.920210143296868
0.0738270001839602
1.5368928468292
1.01723364359747
1.52197142637255
0.0155589199256865
-0.26628280978171
-0.144044654240039
0.993527835985523
-0.504654789942447
-0.407079051508489
-1.41099784725236
-0.572968111862621
0.252648819908249
-0.555731278295806
-1.35801978261252
0.251099666459357
0.393122378920102
-2.68539734133981
-1.59585896774877
0.978899197461166
0.889457697744677
-0.05543521612377
2.09609730072091
-2.20160385461789
-1.30163306632028
1.54019768575586
0.418563965993097
-0.624308117449159
-1.18401073633234
0.384160693643291
-0.290853811736172
-0.737107354426594
-0.355220205534331
0.682812131962839
1.50064580725169
-0.829700229222256
1.17902699310404
-0.141290373183453
0.402914952768838
-0.74579648322428
0.338057707067729
0.773753201698381
-1.82542454077518
-0.495844973140274
-0.633575528994124
0.311195275873761
0.962449688080743
1.17879866280702
1.21812294859795
-0.225075850918122
-0.0565692640660366
1.99233185246058
0.90304783767809
-0.147244235375395
0.901519925300643
-0.605341596271996
0.14831638051908
-0.555683843268117
0.0393202388908503
2.77265483619165
0.801634183142029
0.0103523134950297
-0.226922236803397
-1.42866120519107
-1.19155042538268
0.525716362119222
-0.389264466603424
-0.752799208270004
-0.723622913726314
0.4299545800282
1.19543020052147
-1.58384511027482
1.95323184536189
0.20579248235215
0.753085785843376
-0.144151046853992
1.36177196078301
0.799332949628114
0.395037751127669
0.632799011365634
-0.0244822900251718
-0.872171990241057
0.430822040985438
0.100932243780251
0.164815205418292
-0.45799717464844
0.258883962432465
-0.691531740115646
-0.86375328003862
-1.00010745032688
0.728047084233324
0.245324975446004
0.647489316637441
0.0630173075567934
2.28557750001722
1.05467928187109
-0.350887392009473
1.9300946129104
1.68964952148943
1.1579551811117
0.437810141110274
-1.3507925297428
-0.574127438777221
0.134252508582424
0.0454830715644349
2.61964882017116
0.586590805859334
-2.88417446484396
-0.732637841366707
0.621627977567685
-2.08511064401802
-0.554919993062107
-1.07307773380336
-0.825670147349521
-0.529774540746435
-0.178047699488527
-0.566757883593658
-0.346356212048655
0.656721100436548
1.44287506595563
-1.56315047313843
-0.455849882404721
-1.46735697192344
0.396787289595557
1.34500527141306
-0.973402534786413
-1.26365562717633
0.287393683082316
-1.06732678975611
0.242894656749523
0.393620776598498
0.380307258397071
0.332473468293142
0.513816962322637
-0.805665922737303
0.622495392762645
-1.11009536471754
-0.665064743844764
0.114656048213997
0.884573285517091
0.780983381614789
-0.862351011539693
-0.805017511496994
0.398240184960282
0.137110172710191
-0.42082993857968
0.539874212186981
-1.16578282606623
-0.228420411142455
0.256763059317713
-1.01411328489994
0.807815688224262
2.42755009448024
-0.210308521853783
0.480401119769211
1.75145716386668
0.443273895293212
-0.429352889240193
0.671045110705514
-0.486488750772839
-1.35340024766371
-0.334564498598871
-0.546231174516238
1.52027744647141
-0.0792177160972657
1.43413429476084
0.973815437047412
-1.56850080349108
-0.387289422917784
-0.409098900867037
-0.267695164980682
0.096218518174489
-0.714883736269474
-1.4399897067101
0.115601618445597
0.123072766062814
1.16918717657158
1.42549515063288
-0.132029057015992
0.517221941800208
0.295217503766557
-0.281833772953539
0.716657558498618
0.300890974871588
-0.518196106455712
-1.11179964576869
1.26117572876377
-0.879507537237357
-0.695735792380272
1.39523425129299
-0.39610000329297
0.309386230445305
0.463179928317393
0.186189879260177
0.432252018889786
-1.03502552461315
-0.129256615564878
0.455665193565555
-0.539065600925501
1.77313002854266
-0.258329125238075
-0.757115670570539
-0.981688133562375
-0.126735111823119
0.802820127565823
0.0688063790634283
1.71692244545306
-0.89082538832273
1.7166841203671
-3.59191333703865
0.022470502782334
-1.26405468520591
-1.76296346624092
0.431287161768938
-0.0679756561847433
0.877806355161001
-0.18102302852702
-1.59509176828006
-2.03635068929575
1.48768145051634
0.365679336169813
0.615578654437184
0.203742466784162
-1.3375599051125
-1.82684930004352
-0.195426323897496
-1.1886676689961
-0.593403771223952
-0.0219795992008701
1.64229354611136
0.972361360396308
1.45696415891769
-0.819367672647725
1.19106009549902
1.40791103722776
-0.351290609979026
-0.0743197064185372
0.603102829754757
0.927848239576676
0.503729256720864
-0.326481320491152
0.296827813648275
0.892337324716112
-1.21785180726562
-0.945475209545501
0.518455586613103
1.14142909650069
-0.240963316061027
-0.178466860616762
-0.453297649929009
0.779145682316274
-1.20327931544466
-0.594453990442012
-0.911195553446587
1.19677333861593
1.88137098124125
2.04186590775288
1.4335734305874
0.422881286347241
-0.419916789551828
2.03508131377689
1.01500530355953
1.01379030555427
-1.94039196962817
0.813799684920298
0.396622778444452
1.00064126216035
-0.133811230124489
-1.53179432474659
-1.04830512613567
-1.21108535577495
1.30541899028829
1.83575823796948
1.90859997790608
-0.418766497722998
0.862978301540303
-1.01788223395213
-0.654560175214958
0.236940839478142
-0.612790464308178
1.47234011791737
-0.166812511357008
0.999512174558537
-0.786809783506514
0.503965339234019
0.76055542029661
0.277047929451248
-1.24076037527315
-0.0944929827574045
0.221980454129501
-0.43751754755797
-0.951100600352068
3.21186543105871
-1.519418988939
0.652136465087356
0.146043715441476
0.68564650047407
0.363347864747425
1.19662015057298
-0.119694051601991
0.494860750374516
0.374099131418333
0.312534380578258
-1.59120513883542
-0.324180620373681
-0.0544045541678848
0.242668659217521
1.08678427930503
-1.39243193401078
0.161989588748792
-1.85599407540635
-0.995346215622056
-1.36503213761989
-1.74255751146728
-1.17636731106649
-0.227575852675595
0.683380875002675
0.406459211851766
-0.448758899759913
-0.0587770678783831
-1.34051407035887
1.50250450047821
-1.59720465197801
-0.417354395020435
1.37752898660415
0.354477706413629
0.898474308627928
-1.21579496352089
0.476096118649316
-0.818514626209926
1.63379782995383
-1.88144643699864
0.502491924587545
0.0468610943427594
0.329757160548995
-0.463790949001346
-0.00543708957373222
0.503246370302589
0.101477814309486
0.189714288064964
-0.515151595826835
1.07957464182535
-1.09514444604934
0.861150470189875
0.803012750244607
1.34120662403316
-0.076512876030468
0.70380570319806
-1.27488643063653
-1.00939099502787
-0.231620563450772
-0.00719620922536966
-0.456100880609942
1.00684331988394
-3.00303130655982
-0.571392868107294
-1.26885519096777
0.455709266051052
0.692507390136428
0.229040533171837
-0.990464446339766
1.49600537204578
-1.46222662267003
0.589047164818261
-0.492377383507593
-0.702721751015359
0.297222072366351
0.313136474217262
-1.62724417336789
-1.27909787815582
0.458329516363011
1.11493893220025
-0.316629014161548
-1.36986677774795
0.00772346997123162
-1.26827315055202
1.51790521979985
0.463868971018842
0.506439099538001
0.846656325987389
-0.037616780711957
1.15652983524499
0.78931536691047
0.670484305991272
0.830493919591828
0.435726379799087
-0.0748289489839645
-1.00973542092625
0.980270556720686
-0.25937981029952
0.0874344609205059
1.03677015501828
-0.810871340049516
-1.02549753081963
1.6947480804538
-0.499193547588512
-0.257035911139584
0.635539223604787
0.793697475966829
1.24068998588486
1.96504334548669
1.4686043998695
0.46452697017495
-0.76114105126326
1.23994325544194
0.27680549369547
-0.330401013752031
-0.530754424066162
1.40579870266851
1.04406152920811
-0.00396782115303354
0.414156547514293
-0.112297514461952
-0.135094090579941
0.0444694917144307
-0.532489084274998
-0.184012533400026
-1.76170231777214
-0.752960808382753
2.30571080049698
-0.672908437457163
1.4447975702491
-2.16485401517298
-0.345034744832146
1.52209889220866
0.368277388529505
-0.101352038729154
-1.47054276964666
0.286692153921949
-0.56116412692378
0.57105316551755
0.879901809878589
0.609634639696698
1.5575950513412
-0.363645289881418
0.384680400430217
0.0794530720324195
-1.37266628798634
-1.99025143708894
-0.122287882612056
-0.1040907930037
1.5627820383502
-0.175560254481252
-1.06651870429505
0.000450515972065001
-0.735182205419502
-1.12940472546521
1.16910728004046
-1.86734543702838
0.463689145629045
-0.294523093506136
-1.30694101404964
0.461479644106477
0.396872551385853
-0.816421838505131
-0.0495396082322488
-1.44442809066955
0.127050045997261
0.0188885634679219
3.25920294462049
0.240959217980025
-0.823815789820267
-1.62824732799942
-1.42604626419523
1.29219136142389
-0.649656383288183
1.05133618315804
-0.179216225357697
0.857210455535354
-0.99555444700961
-1.45011257205009
0.50309407405211
-1.28492534081114
-2.07864561195052
-0.0148582444038039
-0.51949623875317
0.361582178238631
0.146267561797059
1.41053186466509
0.744530561044151
0.0518352234509826
1.23416485019379
-0.529050756518292
1.48480548510652
0.430069056423704
0.4755591529144
1.55747492053206
2.20992450452817
1.06228245402818
1.35766005595164
-0.144934628228148
-1.0886047374728
0.351115400355795
0.690674321125979
1.35795655963146
0.724994711894415
0.529768712896277
-0.932773325204832
0.431371873118873
0.58078391218838
2.38346003655262
1.49325574566563
1.61165566918018
-0.396334145780137
0.278562282705951
0.452606115693621
0.310137525121988
0.702181341620861
0.782842705506507
1.48511823352743
-0.979486378475756
0.373275190287267
-1.08518990386948
0.404122117748782
-0.911100571476778
2.91793130429986
1.88116281029361
-0.687829815214787
-0.0491870135619776
-0.950419516284397
-1.75300611695525
0.618261089181722
1.22739325226818
2.2307266132503
-0.852963544475262
0.826818975562346
-0.767900150085385
-1.17431596050457
0.960321531103812
0.541348069431453
-0.444177759493747
0.788931707390607
-0.424723899910848
-0.643726140619411
0.889864319602899
-0.0706305725172319
-0.288556762602461
-0.418026829616554
0.202857585809844
0.414175279252212
1.81602678063474
-0.281205804339561
-1.37343734374537
-1.17804680221848
1.4887195728179
-1.38951704565666
-0.0331786838108327
0.396393325224049
0.6603086008033
0.767357968066812
-0.025259262739123
-0.814644529450894
-0.404435389000431
0.269493414850505
0.970168988636492
0.281483893889664
0.261228231681234
-0.587910823375258
-0.0620459602927858
1.58204875415761
-0.849095837606826
0.0708873016662075
0.345979294036552
-1.07707503749866
-0.56187232319491
-0.680155636037708
-0.159047579785997
-0.77456484844082
-0.146915626099348
0.540874784746429
0.214576752082219
0.228945774434354
-0.594550638565559
-1.33187603428446
-1.31262550908281
-1.33614923034715
-0.385628861492525
-0.766962647225534
-1.40818417739527
0.0700194071224626
0.32165769212859
-0.00781709111216465
0.123245150884084
0.459210374332364
-0.306754918434768
-1.27495496150215
-0.656125757936428
-1.19948868843624
2.10551575825811
0.214773604793871
-2.19996976247616
0.522923180854612
0.143202733587889
-0.192907198514396
0.080994941761533
0.0987902263465692
-0.701384137506364
1.34075206537882
-2.88379776866997
-0.0710461072500645
0.0529679386004585
-0.395202649793509
0.88879862959397
0.869420610567746
-1.95089354054689
0.0926504233998403
0.334142101679947
1.26168957267479
0.268781384944318
1.09835428873858
-0.436682523306814
0.422261288599356
0.233253962455019
0.905699466203242
0.738468553914612
0.390579402901426
-1.68703122205754
0.0133128726460674
0.914533313094488
1.42315467520596
0.604037305902884
1.03035739071186
-0.717651888226462
1.51652494064215
-0.312803780940633
-0.486632427477349
0.10664364731331
-0.549175628274741
-0.338508450050116
1.62290516235604
-0.572977443645934
0.568411567261597
-0.215833021736367
1.05005749872981
0.455652490288074
-0.405382463447605
1.19542887292698
0.0842897455499594
-0.396591133423141
-1.46378179427513
0.153436821995328
-0.782549441569901
0.735587571285291
1.84107090842195
2.15949315390427
0.341949932271167
-0.395063819379096
0.131404571312327
0.597328089927879
-0.616841832067319
-0.15313225017684
-0.612157503252752
0.107369147990184
-0.287448533811836
-2.58924945907534
-0.293436678455513
0.0383787002785757
1.99196693007616
1.6403805252979
1.06001493540711
-0.267632972579761
0.321352101555949
-1.26254954609983
0.870766149281521
-1.57010742306161
-0.0746117063140022
-2.49647318491789
0.842467861545847
0.880925835260953
-1.39537035005171
0.301826927348509
0.169497797744591
1.28641266830477
-1.82614765145715
-0.855289387669821
0.982162640978355
1.476870714709
0.587346337681847
-1.28738974604774
0.778303694971953
0.772101792460813
-0.138680456685747
-1.08320026148502
1.12865813754
0.631056535552009
0.489127840436724
-0.0963891313061001
1.02714871557226
-0.487192507631321
-1.06825482168234
-0.284856948926537
2.30813880696904
0.748952389912343
-1.80060439670168
0.970254134195172
1.78577417174493
-1.15267810192886
-0.282616432662537
0.946152235597506
-0.439303001967901
-0.878640842666813
-0.0624706773053468
0.528468463978751
-0.698574987794575
0.385414653347772
-0.12468284833446
0.0939042587285639
1.04071661151856
0.146093839153138
-0.994285851650033
-3.97202900998303
0.527393604784215
0.447823987715075
-1.12950390886787
-0.671022903716519
1.29562279812882
-1.08087346590859
-1.55049156291107
-0.628110639409329
1.25516069764327
-0.168627830696317
1.58835796784669
0.783914559257308
0.55025770222342
-0.811503785510676
-0.0676705489019067
-0.566520902458868
0.0468082016826584
-2.4306321033132
-0.427313433346984
0.53887234116833
-0.18057027222543
-0.301018488848837
-1.71589706408185
-0.244797778518332
-0.117560800327135
-0.562483232081815
0.863343597965412
0.556249962362602
-0.323348856239262
0.936370261498735
0.116885256977478
0.787482557565789
1.17259630189641
-1.24283627796219
-0.0313679671080258
0.724557100029311
-0.540620057534304
0.282435240307992
-0.471506827630776
-0.604084896888235
1.95998318115064
0.654759258669673
-0.320260514586621
0.907980984052439
0.556591509776173
-0.58035393754672
-1.859770678537
-0.431076185677716
-0.0646610904878302
0.247795800372189
-0.430888686800998
0.285290697078949
-0.0802074296694272
0.295023678126769
1.25935760899371
-0.0800272943702451
1.09717533526096
-1.25232547886979
0.561463474727424
-1.50378911495108
0.028824900255955
2.29246952732761
0.868288322176762
-0.578666845150421
0.712484153462448
-0.601670632754216
-1.11428861902177
0.452311485605863
0.067420885999899
-0.324551897493446
-0.0741887358129306
-0.852282559186658
-0.266149623536233
-1.62763680998218
0.531886618437997
0.119855523509523
-0.953881201684237
-1.14411187691859
-0.33846973991777
0.508300138967732
0.355801736072302
-0.0866574691572511
0.661606567477463
1.36528105873919
0.409288353183029
0.708052077711955
-0.775929016273306
-0.925174989839636
-0.208357722247779
1.1565204587748
0.654063890739217
0.263945185896687
-1.01414876171457
-0.768235071578903
0.152654366885445
0.212705305448158
0.158300825499994
-0.120543955650008
0.186127798426234
-0.482392134415913
0.434865191460275
-0.824244186878161
-0.689078693098546
-0.738180926876646
0.805194423885824
0.906749087831909
1.13213651372928
0.758134667442855
2.30095649023587
0.71504674406764
0.0287309554797932
0.829739247414241
0.210949635885784
0.302744757588764
0.443961323366189
-0.102657369607036
0.0506247935144948
-1.50359462916042
0.257959660205339
-1.47093618619504
-1.22342606997667
-1.43661102620157
1.18153249469514
0.257180781126985
0.905552311099926
-0.636428571924137
-0.16980264561444
-1.5967902425518
-1.0682614787118
-0.372007351669278
-0.277035730310448
0.556242271156977
-2.07466995054612
0.627337269360341
1.14594146083322
-0.808365433279581
0.23175964935175
0.0673199461535241
1.26056856029236
-0.644792883565882
-1.65026691498339
0.209524319151172
-0.206416154079959
-1.43064411423384
-1.29124894811898
1.67226345496582
0.900216610574678
0.61916622118181
-0.691229634500613
-0.607943988948498
-1.37327417094367
-1.49035005588641
-0.272834433225935
0.980325590068507
0.0424739621020666
0.29447281137797
-1.31923778914824
0.770980829897392
-2.05906105210205
-0.558523980639595
1.32490628221041
1.07574213170044
-0.570393963918399
-0.182412538125771
-0.383600205742606
1.05521440622863
-0.220845178684534
-0.0355257736358752
0.289246664257104
-0.939846954147007
-1.16686071133604
0.709130088814364
1.7569200458226
0.306253298221394
-1.63520221927574
-1.63843879418293
1.00460561579163
-0.430383049141016
1.14390263846385
-0.410134695975454
0.67003281767205
0.259748335932769
2.49527213573334
-0.93597855230188
0.353589697325598
-1.31889894423706
-0.563156757147334
-1.81179501284984
0.00537322289341961
-0.848213402275598
0.32793885915786
1.34111463854376
0.506823556069329
-0.0991552046942074
2.24051557511331
-1.73641086693161
-0.744985937869046
0.0306628553009249
0.935156275134859
1.75863652655236
0.217280858794668
1.31583340295667
1.58409446469634
-2.47301959549908
-1.0256873558288
-0.129661286092103
0.838897632263369
-0.564967923290636
0.707060836640735
-0.565322889129006
-1.30017639808104
-0.773536207997499
2.0156598145018
-0.893365692763184
-0.287870508599969
-0.610314927852216
-0.367874767189392
0.820151340512108
0.638799755452389
-0.73474507313499
-0.97902285791831
-1.22310722145662
-0.928747118364586
0.802637998176926
-0.508699340184495
-0.652747603165177
-0.0799482291777369
1.56885733732109
-1.23767320836405
-0.824239945194628
-1.88548392001465
-0.191849639238319
-0.14919053889941
0.407224711329953
0.367100096082711
0.848499902353531
0.0539987339296326
-1.03210636500776
0.144946737361568
1.44208257458605
-0.107854388523673
-0.729188949180677
1.9679358794912
-1.17375675757636
1.43436792821415
0.761676378685124
-0.477220204047651
-2.04520731142673
0.744329707503941
-2.00930686584981
-0.772082195764903
0.52682980215368
1.44544828462968
0.0960757291333197
0.893178875632532
-0.856804241167306
1.19285057005432
-1.96271867851115
-2.18166526416213
-0.941903245932564
0.110567271135017
1.08870400626315
1.21186391793728
-1.20744280098744
1.50651077169892
-0.56023055410888
0.82862916286804
0.593226450680973
-0.0370995714503739
1.1913788556085
0.721349677475977
-0.739631660611176
-0.394253103571544
-1.16036275727863
-0.362886886204925
1.45971585796563
-0.164202700161801
0.328022561455081
-0.354091447544501
1.80511889808084
-0.405240975083298
0.443594918593017
-0.866162796217237
1.26403044233097
0.00724872710126529
-1.06025353239404
-1.1994808662311
-0.300472671535766
-0.521306323994736
0.869999867078715
-0.323239034039205
1.48419219847477
-1.12237483047942
-1.40283485939215
-0.46426335006386
0.547906690975106
0.255298504499237
-1.26526162991483
1.11936318413506
-0.0700189386650842
-0.601512139453705
0.719245966046516
-0.30651734460517
2.04095729685029
0.468064098425941
0.571223513682787
0.468122360314129
-0.775651088537197
-1.19341949024638
0.353577942133811
-1.20572473913589
0.619966924736475
-1.57796251520719
1.39022302875224
-1.33812784759806
-0.954944842071848
0.763195434014622
-1.3780132277885
0.0899645525390918
-0.198761050795237
-0.979352423308812
1.0189492323939
-0.569671007514788
0.310219733421686
0.921957414573911
-0.590966698086844
-0.922302161674368
1.4379118878812
0.607009676154479
-1.567487734383
1.10312891932667
-0.672155709461479
1.17384240731749
1.31376918405724
0.00468362548825008
0.575585631140261
1.10765633341768
1.07295281532244
-0.529576987221879
-2.51778299606995
-0.399045225012652
1.72687994884039
0.917647051067226
0.55799648979212
0.918332161373675
0.390839299088779
-0.681761883354243
0.0239681349304005
0.865801288800876
-1.25596599254671
0.358677213270895
-1.71255024635443
-0.141484238906605
2.0525820352657
-0.424935028668454
0.309967018634352
0.848866791053921
-0.252532063226596
-0.151560312090971
-0.305336419647041
0.50436479376269
1.10720078318757
0.0170632168626342
-0.881810232243349
1.78643303370493
-0.570617113332274
-1.14941969486173
-1.23595019293581
0.297505810614019
-0.412613884882498
0.834625751576546
0.232488327415179
0.367110341676146
-0.232584188275841
0.33837899886658
1.41646876052028
-0.986992645588316
-0.565768514134688
-0.713271866617017
0.402061712722932
0.363898506046739
-0.145254381014061
-0.637378656819179
0.300803067527477
0.847209388424666
0.215053531879675
1.17535914957682
0.139189233877213
0.257719453475881
0.647664665564437
-0.656136072258789
-0.812875236827725
0.894829975627811
-1.08556502045135
0.0330875608373543
0.485545060004857
-0.124524087105251
-2.20452437442496
0.591201183091162
1.65388678799337
0.285725106731139
-1.53785229357655
1.52238774218198
1.5729343765748
-0.407071297121539
0.0809492232751256
1.54219827734482
1.41310897207262
-1.47107340798841
-1.91034787832164
1.35194319164361
0.964020099984083
-1.35240846662548
1.57232788930272
-1.52003262274065
1.34187639135372
1.65355692140993
0.30793871483753
-0.0443834967806726
0.190054950545093
1.01874318665164
1.13395513470536
0.111750035327798
0.285860428337981
0.338063405871482
0.210601988113303
0.862358617828224
0.936717874822827
-1.00726120859899
1.48900176331948
0.158589619717745
-1.0643966476559
-0.903938122340551
-1.40770975715129
1.31332266516275
-0.181610639861381
-0.646811615895509
1.12113453808538
-0.56093040848661
-0.547229272051122
0.802300485475575
-0.395253719102487
-0.643172752826454
-0.137336595991465
0.552133944432034
0.0338577978258328
0.024896838923713
-1.37783348873159
0.915350183081242
-1.11654286703222
1.00708713019705
0.300775576296597
0.41081785777116
1.2889343254881
-0.344551108635601
0.024789140026245
-0.101280207165999
1.30985749696187
0.200340595442963
1.69727129352688
0.691452249640729
-0.586862567806549
0.373734904808599
0.34233351175225
0.276128607798876
0.117213252296145
0.214074228204592
-0.498857334851216
0.0696301822808119
-0.313732568788383
0.924636545429223
-0.398240688388924
1.40062057549943
-0.0879992357256166
-0.205367534040746
-0.00916242162847076
0.857148257453069
0.109188288840285
1.62466898132347
-0.363197444927512
0.16582092788293
-1.07593679769437
0.329718478713599
0.581292856239553
0.330347965533789
-1.29109159823414
-0.876498477312125
0.111954576936704
-0.702286587065749
-3.21682004614837
-0.0965512274240049
-0.751623707761416
0.937483519444121
-0.626701470177942
-0.614555103058114
-0.338694085749523
1.37893631154237
2.63186431021011
-0.038392753237729
0.353324014228233
0.637897649578392
-0.425471690714827
1.55422873933597
-1.04586574224844
-0.804650956120562
0.389884062296199
0.17882844566483
-0.827910868002193
-0.751867623576372
0.208107425220377
0.238501648877051
0.818751590452558
-0.885637373922827
1.50168360131369
0.247909869778423
-1.29734227103381
0.605345943337577
-1.10630675749047
-0.780831466799172
-1.52070452647335
-0.199169317240572
-1.46131638359667
-0.0454802402090561
-1.42989366828155
0.521179559864595
-0.388028705696822
-1.7534164439842
-0.330935898117749
-0.734698304406219
0.624373758583202
-2.05099305529691
0.551103026679627
0.521706088036908
-1.90041319456744
0.213516493295791
-1.24097523874655
0.615894250739605
1.33205546147663
1.00306954980999
0.385445442622487
1.06042966881355
1.893792762576
2.02119418806517
-0.444257089829492
-1.04176861815496
0.021431238016901
-0.282714546280837
-0.971638101044387
-0.445903885977328
0.337381690769307
-1.33392394801706
-1.72183802090348
0.884388966926828
-1.13099329341333
0.840871599031507
1.57116015612399
0.937529885034786
0.0554796423477013
-1.84896494325809
-1.1108176202622
-0.563271401862534
0.808929085047747
0.205662052428564
0.288650931707543
-0.183135909871489
-1.51008970695523
-1.29169645289851
-0.0427726148789012
-1.7499109510021
-1.29657421369341
-1.77092962513098
0.242548540335289
-1.45042821705675
-0.67413421137362
1.51981710683045
-0.298385185375524
-1.18583318839544
0.687572952323329
-0.433168295683591
1.29734486664137
1.96390576017714
-0.157813391978682
-0.524327849036171
0.785340257488259
2.06409699298504
-0.101559796534762
-0.132752413348396
0.703190601896629
-0.459115585339181
1.96418841854364
-0.539268149747898
-1.02717590648361
-1.28113549549206
-0.822832956192123
-1.56492600156709
0.491078834747564
0.557047688065786
-0.535182356395758
-0.267124440722548
1.31531433292677
0.802469302789847
-0.233009855497982
-1.3579295325635
1.71270460704117
-0.142320455220276
0.29416817935603
0.781205402359832
0.987524596603168
-0.870970979258118
-0.58266966388999
0.193150395337103
0.948747049710184
-0.923731231503197
0.525874152203968
1.22388537446755
-0.420536490928483
0.321374545387835
0.546399180154232
-2.58254223276404
0.361707093337355
0.0895049655226002
0.383507201574565
0.0553245100346439
-1.04383216220047
-0.368718914681923
-1.06685683061045
0.255521391832662
0.290336460236224
-1.18459663659494
-0.811317470620204
0.586384689597336
-0.0526271476150326
0.64074186734858
-2.7304206730323
-0.966650230457046
-0.0461486463079414
-0.413006782986357
0.768113316078011
-1.2676040647871
1.73107715524999
1.85821237620792
-0.798825178513647
0.368365165291354
-1.6190781696795
-0.632208529320638
-1.15069889759545
-1.29917962647474
-1.75629114391145
0.357602497484815
0.784590553431794
-0.831943736182855
-0.871081599295734
0.166953415626541
0.37366020714147
0.101525251595469
-0.0874658297413309
1.71429837035744
0.172280539957634
-1.15526864489087
0.399826742933964
-1.02263393042271
-0.758126043610707
-0.0493706031271565
0.580353193139182
-0.432701005909131
-0.208418487218949
0.128822655659788
1.30284479103138
1.71933097928876
-1.31101539318423
-0.0306591684441796
-0.394706797549508
-0.476037577474178
1.46017355276644
-2.27748532056638
-0.999344573768542
-1.31967810879436
-0.425044919801436
1.94546375086059
0.175304375071112
-0.561627891229549
0.0102447002333546
0.177968405555475
-0.320269982802396
0.86317613825282
-0.854225041075621
-0.5730844438055
-1.08208481067437
0.886778923623469
2.46694823024215
-1.11478421191151
-0.912554300276084
2.06524888567002
1.72499029162733
0.805245137513577
-0.102074532596958
-0.216116104021919
-0.189789998192838
-0.997991973954655
-0.635871326826911
-0.405175237905349
-1.46311342356283
2.18126185482478
0.358725947311721
-0.918276261241915
-0.555631770674108
0.130351647320636
0.794148046300208
1.30994555816227
0.578516910953664
-0.76808748565517
1.53181836079477
-1.52361525966097
-0.230960006695203
1.3268920108701
-0.492416686321568
-0.439885693319337
-1.30360816801034
-0.657647917857915
3.26871069946402
0.254084407008723
0.694210467831198
-0.140523991462544
0.451362569221982
-1.07561295427267
-1.70146058860999
0.12371863131904
0.106588931925348
0.24077189458598
-0.020758715598865
3.16166910243122
0.503029809737178
-1.73976727638695
0.349804677736097
-0.995511078826463
0.386343412791015
1.87518514816644
0.0407218372893401
1.25858090516665
-1.77051619210524
0.886182525280939
-0.389714359320811
-0.93833451772801
-0.464892809278429
-1.47426827944166
-0.860453775035005
0.259418756939983
1.07169366821403
1.28733052665252
-1.73494680181761
0.573964474377973
1.20865528772509
1.35141296023863
-0.720070122263123
0.341089235599348
0.197854347088322
-0.639567395540404
1.02141692559299
-0.34068939390946
0.0190428379071628
0.462588145439591
-0.149761331099493
-1.35144110830336
-0.568457881737617
0.828010736462393
1.7838747113767
1.03662175678118
-0.165083792329172
-0.639887002295817
1.21332528185454
-0.107602670056547
0.458611249405317
-0.335727934402116
0.17748822835726
2.74944976380018
0.756971312569387
1.40325649948709
0.773501833829455
-0.19468819579239
0.309787556362288
-0.936698111599136
0.43388522541676
-0.4588742094636
0.10632984235061
0.520091263523926
0.0332058017051019
-0.916675499102285
-1.92659503152571
0.516263069551848
-0.17720094310385
-1.42585420741666
-1.31620413640946
0.217619279350948
-0.165919880820187
-0.4856006898091
0.47166250895678
-0.878586402209868
-0.306263261568415
1.31458708066583
-2.38541109061967
-0.140132157193008
1.04119949364235
0.371215371371506
-0.370167457497372
0.727516098969991
0.824929710047462
0.352569169397239
-1.9176534414372
-0.0845739298419385
0.162433941216722
-0.258326524763606
-1.68355331479001
-1.14521374401582
-0.0799997963171745
0.05601371395112
-0.842313836476699
0.762628160048652
-0.0144040027499913
-0.705956672580017
-0.708949504884506
1.04237296181358
-0.312847385045291
0.220914408634157
-0.241478090139758
-1.28960649551525
-0.0538292768241721
1.22790112217786
-0.289009934647435
-0.682622153163212
-0.321561648634503
0.241151772484812
0.95464679465129
1.1595463285819
0.94000183102451
-0.805492146573801
2.10662730437549
-0.0129276074272021
-0.979391806719284
-0.0296944221456689
-2.4126955469036
0.156095316343425
-1.95123501481607
0.0403575030448607
-0.421251127806802
0.00918266932852823
2.36075536133205
-0.345183418952688
-0.0563704792412175
1.62427702666403
0.0902176206300138
-0.585148967600854
-1.69340430450349
-0.849412188203887
0.463746604122867
-0.0103038492645202
-0.313295434105935
0.477817958929822
1.75478099081245
-0.635996147583223
-0.429544172629682
0.916287713856535
0.138640122099038
-1.50637295762896
-0.24729018320724
-1.10831752288556
0.504044918862203
1.07338255423915
0.656399485013327
-1.83360256003914
-1.51790698953448
-1.77701542450017
0.751170422821974
0.0626938983670991
-0.047829669027791
-0.144321973636982
1.59142111282518
0.183136909230497
0.823121088899026
-0.317964342522617
0.604528139076734
1.16710927292139
2.0065697525543
-0.12110635716661
-1.20476127329937
-0.48275781673364
-2.07198011158562
-1.99095269464655
2.936184227158
2.03357820282842
-0.080705427930544
-1.71361842757478
-0.159363393213091
-1.89573619191002
-0.423892088647054
-0.0381461035821467
-1.16502521099659
0.279632233305416
-1.40440691028985
-0.626871354519158
0.661587199663962
0.195852313240648
-1.28868739205037
0.656662553845998
-0.0407931419954919
-0.472766940074806
-0.930529544496473
0.482258973538311
-0.639903262488299
0.0368866023477164
-0.0818101988230546
-1.56148902667272
0.405196101860752
-1.89225521566238
0.665265531105636
1.66971635915393
-1.46422839186084
-0.299135432853524
0.321949354190075
-0.356069636928507
-1.36254881483694
-1.1016637083028
0.413822935682096
0.832160972835616
0.275504093312042
-1.24270735519921
1.2424918029757
0.655157791364205
1.54431259746697
-0.0338366124471885
0.139875598071197
0.0244170039673958
-0.539640614435521
-1.13767647536634
1.77935302850945
0.244586971949425
-0.0393668223845205
0.283159025414583
1.29351360529468
0.175520355518045
-0.646006911390248
2.07959597175626
-0.829133382203122
1.49595299375254
-0.0263366606882061
2.19917383016683
-0.0988270655965249
1.83683152169293
-2.3011286332285
0.447072526863777
-1.50339108714081
-0.35708035708682
-0.321914650575992
0.888845219541866
0.357531670552412
-0.447751538748027
-1.03467347284458
-0.558034942133777
0.304801406762119
0.702405241377104
0.818240621186165
0.494610485299871
0.419826263651511
0.413343293039787
-0.00619753805954748
-0.180815496569938
-1.00931379366108
0.450234300995836
1.03008148234408
-1.39566662722844
0.963137524626967
-1.00963868540899
-0.399996988490424
0.161722771775208
-0.488094998165421
-1.0666463487907
0.639514024345587
-1.54172407130642
1.22770964816506
1.58010887747439
1.02924440722316
0.122477771331503
-0.00586896420969407
0.47960625369254
1.30745285842333
0.956669758720062
0.458434215623101
1.32521152489714
0.688836832184677
-0.114814229720867
0.183840764566579
-0.42816245369597
0.431727772453834
-0.670410830474969
-0.467806336116112
-1.4184025297958
-0.86505004474874
0.796883132343095
-0.481634341273632
-0.0407503392653579
-0.536665447222867
-1.06225825849446
0.423406358721202
1.74996384235803
-0.659753825488584
-0.705355037528386
0.914997695490957
1.22853653829167
0.75018839435513
-1.96427358460104
1.62992152608751
-0.0691797142172621
-0.902169087170403
1.37377981821592
-0.809303473138119
0.463519264795493
0.493906761176186
-0.259113975413867
-0.0937779081092258
2.25920315917483
0.705188606116033
0.934800125289878
-0.947289414724142
-0.841643629556074
0.788311398501791
-1.70418189702111
0.572270502000446
-0.923826633785344
-0.87834628383748
-1.10487322428684
-1.33087530633259
0.479893670001109
-0.107790378671769
1.26148396281873
-1.24897558328558
-0.0644904102259723
1.83602096909932
0.0110940063458949
-0.280555812631642
1.24465567101499
-0.347297830566363
0.0549189908469002
0.852141188509079
-0.620569018887038
0.133259075597088
-0.904105855702015
-2.0287298664698
0.693835700585506
-1.68563255396808
1.11952935910767
-2.24244590839545
2.40594902888661
0.942234442949031
0.696401372061978
-0.309589736488455
-0.951022218337453
-1.5738564904189
0.464435770140403
-0.233718213747549
0.345449808169326
-0.456638182245799
0.343447485494128
1.4448023909721
-0.687871485856671
0.613269451017283
0.625929172969047
-0.588311769048709
-1.49109418816579
0.0532925714644335
-0.65677834691418
1.20232704356377
0.151345831765664
-1.65178636187483
-0.271505940685922
-1.88908291442593
-0.53490142398509
0.75621881943269
1.19736754698283
-0.0977974121676274
0.545338051802869
-0.289555102874892
0.0864531670561288
0.31933172673052
-0.563213256648031
0.273326376842194
0.384498834827117
-0.45003190369684
-0.911024733163706
0.151008997124402
-0.551121737499955
0.941500485581932
-1.05689134609169
-0.268232242772788
0.956072576802098
1.58082334316853
0.798390205441575
0.165831744186582
0.552705344843919
0.0395496838503724
-0.847299960419861
0.339402038508675
-0.995026988994766
1.9134601606355
-0.344303330455133
-0.614001897605839
0.797699341315717
1.77585917539361
0.468314946071447
0.307875912439444
-0.255107346336378
0.369633092974235
-1.31819279909482
-0.325697403603055
-0.176040065069126
-0.00847421429199889
-0.445584823805027
-2.05673642434841
-1.08272643743912
0.632705956047288
0.701165167228763
1.15707843044124
-0.400337328115117
-0.575836271376989
0.318053912082695
-0.361518587330619
-0.846751623463061
0.729479375245692
-0.239293082134123
0.542196830669711
0.730185164096567
-0.0147905989550074
-0.747941882819039
-1.38779220270457
-0.0585504014886911
-0.399041619695399
0.930166427879247
-1.75420612123163
-0.558038304053857
-1.60750628773619
-1.41801166361782
-0.685151189716965
-0.323527813912579
-0.45024568288209
0.436563197250497
-0.641561652528592
-1.4270939919009
-0.178690915136119
0.62794711662287
-1.79509022039451
1.06104823662849
1.44183220048453
-0.662774365559322
-0.859181555470883
0.214209076145197
-0.983145867821939
-0.93353884195249
-0.809336432575275
0.272257440053448
-1.04116047573432
1.4415005498745
-1.5934298902736
-0.125330518385013
0.830897202652547
-0.36610854505435
-1.22461339878743
0.868192679662759
-0.240319022807473
-1.00091502130357
1.06301319301316
-1.98095676922699
-0.288646186502709
-0.28844078406261
-0.365280086246525
-0.945806703049674
0.39123386729884
-2.07683712564716
-0.743302496928499
-0.0991442699659594
0.0741206394115608
-0.781693362786344
-0.940453456401888
-1.48730652180646
-0.642332154931864
2.22278801157312
-0.736671598570343
-0.328963396578589
0.635761654618413
0.140104097268387
0.680255192080829
-1.79799676574224
1.31110996639752
0.273523013219671
-1.05470333682869
1.38981682810775
-1.04934772136496
-0.939864446404897
0.662580154250678
1.37165007750447
-1.2872599636362
-0.69630397464334
0.321828629996066
0.0557835314217422
-0.020418388525898
-0.189793250150513
-0.23003285885329
0.76226783371721
0.324678967238297
-0.113952491192056
0.0617547991700994
-0.166845534154503
0.502822239531137
-2.13861169838585
-0.173414652877781
0.0994562323844719
-0.869534893909632
-0.400919656970246
1.37265397540839
-0.140286290032668
0.347849503731597
-1.86334300830019
-0.608334278474002
0.19451658362661
-0.285719507957625
-1.16067005214296
0.422012764840174
0.286437484186599
-0.832716165701205
-1.28887837433601
2.24062408076974
-0.0029878132803638
0.516434090178024
-0.127297792693184
1.09192168731577
0.677223247112821
0.773493759376599
0.104873703381612
1.45409913464096
-1.02892248055481
0.281818618347231
1.26304795249385
1.93688295577738
-1.03832357326546
0.231418088764472
-0.270601036666181
0.136421125234985
1.2873500738844
1.58764700794328
-0.825634357176808
-0.395454189610359
0.285678795444083
-0.132311595987621
1.0651759568183
0.733144847395682
0.595319027819872
-0.297633099399267
0.112144600059724
0.592944334840397
-0.831332851131776
1.20242542946775
0.602320765133374
-1.64366512980379
-0.81872039542108
-1.68975708180736
0.114925736910816
-1.21720400037791
-1.14357743236137
0.349497646570271
-1.75894870587735
-0.330147490545435
0.368019319097365
-1.32304303678615
-1.77073485629113
-0.729030057514899
0.639834452296712
0.85088120567594
-0.921538441135816
0.935893776103788
-0.527129573282189
0.456446539596228
1.93775897455274
0.957261273325484
0.852857168246569
-0.434132221680262
-2.46034284259943
-0.788733748746734
0.693746871723933
0.588401378347194
0.414852543870651
0.595384121279542
0.311078110287268
-2.30999187287832
0.215424104266449
0.527558380355437
-1.43924986369674
0.639948501631605
-0.883082002055466
-1.59522249063217
-0.459209824358118
-1.72740425485458
-1.00985321445809
-0.0309714104784904
0.985301108344453
0.746825560078497
-0.444844934708208
0.555144412420795
0.214000321319025
-0.329305501288901
1.79241284126326
0.702867539281248
-0.219895297854469
0.619136390910638
-0.544709611926231
0.321403539143391
-2.42011148824002
1.40096679676409
-0.0459419097684154
0.486499417076159
0.314705437267376
-0.732468409031178
0.929114289131081
0.544027758911383
-0.721479628106142
-0.972121554028263
1.37628566220205
-0.346298888916923
-0.0454994907970642
-0.174873636457678
-0.854228436314428
1.73122042817003
0.175618600437484
-0.944931647480381
0.0768423175089892
-0.00971863230246323
-1.1330410257942
-0.336129391218675
-0.823509293251304
1.05907205259267
1.65776409458292
0.490262431139666
0.608885156814572
1.70342423141782
-0.120544665494896
-0.269550214003076
-1.10853829603862
1.87736540659616
-0.081383894437878
-1.65921682004383
-0.078253282262649
1.7168307767641
0.396327226186289
0.394332855010354
-1.60916011179271
0.603348115133536
1.84777183322857
-1.11840685611088
-1.16095538820032
1.6722240164662
-0.917639931156355
0.370048142897839
1.1068509255526
-1.30279707987675
1.22807556725571
-0.608133751132564
0.660465094597192
0.607780647514032
0.271107944584372
1.86629834639472
0.173830374077772
-0.341877211834679
-0.885857673200132
-0.291174704599757
-0.608702663785173
0.160877921953603
1.47933390568777
-0.0290347153481828
0.0575814737163598
-0.113055835538755
-0.437896714739587
-0.00633381718542943
0.739489060230465
0.0547702584247053
0.294273650825456
-1.72547174797006
0.705829865160785
0.139128518764891
0.331189256988952
2.22167697535228
0.747470988851972
-0.788067746761681
-0.804053649012628
1.39814030516532
0.655193894789268
-2.31996113217124
0.257220210474746
-0.611412432154239
1.1118948816815
-1.21862248489919
1.47407841655598
1.1974792710236
0.210544205588314
-0.554788923644158
-0.108790461170623
-1.60512641083286
0.590967666435054
0.423405586928644
-1.1376904506385
0.531893242829835
-1.29980135938511
0.502301459245419
-1.83005009742394
-0.162583490315992
0.595297431255507
2.11878953951363
0.478803909995684
-1.89160179655767
1.94697321542577
-0.853298294665037
0.0557134275991606
1.04942463475507
0.0226212996114218
1.22881516349989
-0.583328782157559
1.21877107858324
-0.679643815279473
-1.06486693400361
0.826436497088413
1.05755025602985
-0.0177670353558721
-0.89206105509371
-0.152763555650239
0.977471081143203
-0.200222949380481
0.785211489563665
-0.797094800899284
-1.01736810937849
0.221604017475865
-0.910590603874467
0.68980349689608
-1.7470446210996
0.361576532533597
0.780523751559705
1.01285832216689
-1.67591955427744
-1.0696877045168
-1.26397280139579
0.71651743169055
1.88564400142111
-1.33325168275585
-1.8186333677487
-2.18854157099645
-1.24769369600196
0.923619826934091
-0.107188891481898
-0.920236902524101
0.0200184073348385
-1.25347428214075
-0.434996116547101
-0.802917664445183
0.753021296228317
1.417514549809
-1.31730635623209
0.439883888168769
0.168892635322221
0.664121880582426
-2.28576337214751
-2.11006705539334
2.04077915351874
0.0613136632963607
-0.591864135813561
-0.827048052996381
-1.56359012209166
2.42821106854112
0.190904120013177
-1.43562660586925
0.224513807612569
2.19632461893563
0.496176815846261
0.324762436289502
-0.508728013850949
-1.42633889951292
-1.41344398134257
1.50284135637002
0.242923953682434
-0.0841759028211791
-0.398562397295469
-1.10000851729032
-0.230915397213273
-1.48111310501688
1.18120655755864
1.03858960554196
-0.964080750216147
-0.538697245134557
0.863364879948509
0.0456005295662389
0.284161843771359
-0.988062934769397
-0.574529125486211
-0.55259017476561
-0.00407855925304646
2.83928482885506
-0.672256724064848
0.250689353062021
-0.585258873511507
-0.0739888526390585
0.397295835340308
0.255081452714545
-0.196859985133838
0.813632118157462
-1.2491265957423
1.70231962019817
0.0536189214325912
0.770867906582151
-1.22943476040595
-0.576358591082049
1.55078674328486
0.329629123345301
0.625145858610904
0.828325495630427
0.311118509255804
0.840606181567547
0.0406009194276077
-0.17755330227183
0.291442402934244
0.130269309081101
0.650039072109484
0.229886419618073
0.25487204082776
-1.48865057540779
-0.552149502225996
0.557763709304188
-1.22058655820659
-0.849558496924926
-1.17758407474158
-0.972840493608972
-1.28411884846406
0.0323546796654994
-0.344337471394255
1.76232538251829
0.6639818329798
0.326647742400467
0.211686017988193
1.3980645248131
-1.07220170600102
1.16000134693765
-1.51203650247041
0.907993253594894
0.0499524676987779
0.348211552449675
-0.637066544653182
-0.369370797173347
-0.463804155843306
0.108836187741305
1.01387508976992
-1.29423059424216
1.6265989573547
-0.193440883345278
0.534476318383915
0.0505695439133378
0.728483730713219
-0.288114441420624
-0.0555705091838031
-0.346988471153981
1.70280201910371
-0.305763228707179
-0.268382555378681
-0.268756109632112
0.234272882401587
-2.14650059111265
0.145272598375027
-0.375742625570096
1.59315378236654
-2.06727472075512
-0.378936723888309
0.307835434045615
0.461708434895452
-0.238560115449754
0.0148743687171067
-0.133878953104671
0.341241456404972
0.543699868029639
0.798281167231077
-2.16580919281267
-0.432085869879937
0.440044209611231
0.368356669310391
2.18468634507536
0.698366853753022
-0.224288632555979
-0.0625587978646025
0.37525142825923
-0.308812913704368
-0.892626925512566
0.109738518738338
1.84447902739451
-0.291840299715433
-0.167203937644591
-1.26856342548576
-0.929717608403082
-0.304091153093792
0.619024824837266
-0.341083112534093
0.569158122470776
0.550102201326715
-1.44725415373481
-0.0322944872822249
-0.748646253983568
-0.405212597971308
-0.786130922301331
-0.935552594461506
-0.813372586887503
1.68897940094043
-1.99496602722499
-0.084274572469706
1.09018339271957
-0.741678148624589
-1.82674730407132
2.55065420020178
1.06879825111833
1.04167582025074
-1.71675720502559
0.396131876144071
-0.999584122143772
-0.269329783265623
1.87726037544279
1.35712024131347
-0.0705006256860244
-0.93541233127028
0.254682091834273
0.0869813205560785
-1.18698202032736
-0.276532044818084
-0.959829311643352
0.137788707729017
1.85029812456147
-0.166961688396758
-1.46358187881184
-0.183656677852635
1.01710903263003
-0.299506088424871
1.14015691098837
0.79327177985895
-0.629529154993685
-0.682482020421275
0.803069661187004
-0.333935082670475
-0.306273063104644
0.630993698314317
2.17361423097396
-1.22473825921053
0.627994198621632
1.10179565613771
0.690574098246685
-0.148790890639356
0.527363353921808
0.461440013011302
1.36123580562615
0.0207417240359412
0.397672890412048
0.535882873342215
-0.808807642159756
0.426759123068958
-2.0621000039128
1.12586276608755
-0.746878863637105
-1.19183781301948
-0.721231345084254
-0.343865404248183
-0.145680927471709
0.453526905108055
0.195950256462635
-0.0391842681035007
-0.481105717808131
0.259810681117437
0.562594769355911
-0.908129615722611
0.305791462850633
-1.03636234040577
0.35940690305123
0.3189858403592
-0.934196349606315
0.379620987872118
-1.02176877742007
1.91090112572543
0.057261096775219
0.849967319019758
0.347110812167539
0.747940279045879
1.79131758285605
0.445045578136172
-0.713793799637251
-0.6858185352033
0.0248846721135607
-0.362410649900155
0.161826620130698
0.931087641911485
-0.407724320501278
0.301475485945018
-0.0219399131313032
2.15461435891234
0.0247680172087814
0.803030654221208
2.5949030281744
0.576284801271084
-3.48132465876529
0.480477531733414
0.357306993066228
-0.690500040286936
-0.558752332842026
-0.975598120806165
0.854467948847514
-1.03631299756135
1.60350628429383
0.00290183175649702
0.189415091452974
-0.311304384550613
-1.93813907788777
-0.433922401026509
0.874482511325712
-1.29000222437693
1.37192692023501
0.454433501748513
0.270922227425533
-0.416958285373206
0.341831862154531
-0.677167672343399
0.190509143797051
0.576268323266991
-0.797739484588669
-0.0597413942101783
0.805133098672795
-0.803337725211809
0.733367670449691
0.232401695796574
-0.637363366519769
-1.21028672398891
-1.06180080547423
0.266642881557791
-0.836926056775906
-0.702369689628552
0.608193695452359
0.707041165224187
0.0144236321437935
0.255927023769357
-0.200704717655416
0.606061850633474
-0.270008910059571
-0.027060898587195
1.82753702528203
-0.262630696926247
-0.0694029485491731
1.10012624248922
0.179843614502595
0.126133983358765
-0.688702386217041
-0.57699961909119
0.420502014380704
0.838848300205344
-0.58239053221464
-0.492817390498586
-0.145861346209993
0.0655712216297233
1.98147097889628
0.778952487912732
0.819718974201044
0.745048179195034
1.94269951679703
0.592337851249818
0.757840963644589
0.841844162512656
0.852993585550546
-0.668683740721986
-0.871651438440961
1.3516302567924
0.640190196912861
1.75909560229418
-1.4094817634206
2.33058113386761
-0.109361619869327
0.582120684496242
0.60633038732714
0.652724725089139
0.813434905287262
0.74041316984131
-1.25576389874385
0.258893585643075
1.14914958282682
-0.142333227691232
-0.331382742894659
1.62459935111332
0.840637562461094
0.400962803018447
-0.258576350265936
0.33295003415138
0.612150200993942
0.238842184743425
0.41761187969419
0.828286222543893
-0.697463384415049
0.643626731220509
2.3819950656024
-0.542096973885132
-1.16340992978853
1.02066326763599
-1.22968223771332
-0.573093790526069
2.53957373824635
-1.5667681374924
-0.0284453896745118
-0.946893984256906
0.594253784522018
0.451625126585509
0.233415454441245
0.92271118203846
1.0284983703063
-1.10626310028034
-1.32643851214825
0.485664506471488
0.192455550971994
-1.3886359438713
0.787922520157094
2.72727453219633
-1.28046381564693
-0.457901818469658
-0.182036785813628
1.77780907647409
-0.681889434705471
-0.517071823802153
-0.37706553888783
-0.0221073560001931
-1.98802074590241
0.348048752913244
1.32377903940285
-1.23771719288891
0.239700737938752
-0.762978731267817
-0.228280313941141
1.72267795961352
0.334615174163773
-1.5743190382223
-0.745662098079831
0.223093194708157
0.972756035218036
0.170313496063039
1.65761279732721
-0.510562438128374
0.435337423145494
-0.0211895299455003
1.10126380532588
-1.02906340956818
-0.618939526297383
-0.157200698667767
-0.0551043484341051
-0.691997580153215
0.192152940285639
0.0538741672604719
-0.132841165579712
-0.0647121434567272
-0.121266021218366
-0.889935708071366
-0.545881669163535
-0.781561030918719
-0.170185516732191
-0.429569803877081
0.400587281935187
-0.0475925760521059
-0.4074631054972
2.23258214178395
-0.540765891597218
-0.366499387308333
-1.15222086156017
0.150584215550519
-1.14536311171981
0.67451924706138
0.242556968120001
1.08723493218413
-0.93357233173341
-0.174249181236788
-1.01135157969264
0.971760417031586
1.67410998157803
0.461535690091558
-2.04981222703408
0.553518711563588
0.386774096990687
-0.961004980639756
-0.215217500628249
0.597122191039724
-0.94273958335118
-0.344059955773004
1.12469736011534
0.423674904063937
-0.105849120495713
0.292877860376834
-0.586379390531523
0.649713386077817
-1.20015799128656
0.339610347579077
0.544600170943573
0.978494445934839
0.952607209355568
-0.148033585973887
0.822296258703053
-2.12953412209463
-0.119522728654123
-1.11196691665844
-0.272747433621944
1.25031580001921
-0.253620085986762
-0.140032084905643
-1.27788631751422
-0.269055523308871
-0.826681391491171
0.733490193563082
-0.271204530440352
0.121419270675043
-0.394214168989373
0.211202194977881
1.09059834893536
1.36275118668472
-0.653881919472752
-1.21188790948374
0.283181525738309
0.518171712735114
0.442411088880812
-0.796228451456154
0.675724716614989
-1.43995226191245
1.1099835556309
0.674973870036258
-0.512509828014009
2.31518554834023
0.418995473207559
2.59146611951847
-0.210794004906964
-0.0558951653686145
0.655288186307336
0.716057835464088
-0.645575704234077
-0.697896780965762
0.110296572990117
0.97143414318819
0.765554089249362
0.060958506516384
2.08807129689339
-0.692050506188222
0.456206639622334
-0.510945112156525
1.23710505734264
1.26674365836909
-0.409887855967646
0.058050380511136
1.59075575831353
-0.396504934908471
-1.03524249706603
-0.885170780376624
-0.39535108834654
-0.831996626434911
-1.03111246204227
1.04216087516053
-0.181498348533982
-1.77078646883142
-1.4481826000386
1.16933309465685
0.210878233886998
0.585232065336511
0.649210692180663
1.05521662369543
0.494587228147923
0.918086501054869
-0.0283930448875283
0.545813591025054
-0.673913209365135
1.16555478857029
-0.563573692477218
-0.616653826106068
0.574852643474343
-1.11759600340065
0.283057613479634
-0.480804512105599
-2.83086902421103
0.772271788701771
-0.518214552676527
0.777412508161858
0.514571589582361
0.871344781051074
1.66839206555064
-0.167085075759477
-1.05579830868173
0.943724971829884
0.598865705175532
-0.0963667803484981
1.13761652862442
-0.681066244603132
0.779456552304261
0.942022535145849
-0.449212147637621
-0.635868355928014
1.00597510372156
-1.14636194945243
-0.21512740750747
-0.752250430748145
-0.177905966090056
0.625426815264778
1.2145779733394
0.427849346847364
-2.28541342592356
1.45435082408411
-1.02017583170677
-1.53322227314156
0.0423801563558531
1.65219799538051
1.1106663535417
-0.183848561030589
0.547936236496907
0.332944308638109
1.1524118533481
-0.385383644123066
0.887122137806194
-1.4865261794279
-1.11152188809958
1.44723502817076
0.265181099875803
-0.0539256347735407
0.107241923746722
2.10025126519432
0.957816067617902
0.268055465344437
-0.912688135129049
-1.4750102198065
0.52046808684156
-0.349069615377371
-2.54363054963989
-0.897004384234351
1.30763853694254
1.16866036216107
-1.22082323778671
0.356774295967247
-0.557206202528603
0.375877164353596
-0.0515414749895879
-0.127700442444598
1.59575884770841
-1.63971594382006
-0.117048830316032
0.397124645138745
-0.837997252553907
-0.533304203241298
-1.06074698108167
0.506722909099363
-0.0170606917579307
-0.28542195783593
0.783634898870211
-1.29933186125515
0.784520881296731
-1.04050498306717
0.0232676466017539
-0.565659966876859
-0.00413806744593642
0.912063158795568
0.576516424341655
0.788583219230535
-0.463982639326059
-0.877833388907976
0.215761544601581
-1.30679433973318
-0.428406595074091
1.08810106945248
0.423909598000424
-1.28178375705787
0.244787091355891
0.722678476402271
0.415979638036479
-0.87568994124614
1.35386198502004
-1.46041583127813
-1.25129205615947
-0.003186365056095
0.712539003698752
-2.34501351531346
-0.971165745166871
-0.621441992344674
-0.0253448373893649
-1.06418404889515
0.339761527989947
0.000396261119135487
-1.78338453649052
-0.303727322336755
-0.863748887821216
1.6132372543139
0.644640856720751
-0.472921030322633
1.32352594534858
-0.0514960153378552
-0.882208669338287
0.294976774712625
0.457708861424737
-1.09436803850781
-0.393837424281502
-0.711279488653773
-0.294839481736669
-0.747960954356162
-0.554114195098745
-0.134432115708713
-1.49780956944374
-1.40259011759996
1.18635219049532
-0.666492808952068
0.271341960867051
1.30390426801657
-0.801905962131771
1.30721467095334
-0.295905434341924
-0.728795627313575
-0.249855993964615
-1.10886567193142
0.245957828114353
0.797441285073272
-0.297654652369957
-1.04803425817282
-1.54084460103244
-0.765004263668586
0.876102413674568
0.625417151340261
-0.570207344235544
0.169293146372856
0.606206875386888
-1.28949328287874
-0.527526136444933
-0.381696385035376
1.03646518220406
0.0846245871605173
-0.0508281519992636
-0.599154608112666
2.01322194043239
-0.109593539445802
2.14273120995634
0.0182905330051998
-1.2071094546598
-0.566679286014883
-1.88333642983854
-1.20738361793776
0.393879594062753
0.066715566013467
1.28719499907466
-0.123118722632336
0.861824504236974
0.302675384811938
0.940055424157971
0.299766621684483
-0.925810351662635
-0.115311237413401
-1.30434491694994
-1.13508455505509
-0.458248185095926
-2.82145749004121
0.194221267272827
-0.872085730024546
0.490803778604392
-0.819351899686689
-0.767129839458672
-1.22434082553217
0.532254170111895
-0.511454831124087
0.276277707950323
-0.931230705658034
-1.83335452432229
-1.81900616958826
-0.0871718255483366
1.87917521337788
-0.0683998032637681
-0.550940881643676
1.41700715925547
0.429225404306393
-0.0878091216916989
0.999233894518061
0.154455580629048
-0.677032856807633
0.514497413822069
-0.344559204537561
0.147466571738011
-0.488949495722653
0.0765919031643837
-0.960789992879646
1.48575346734034
0.687176797405089
-1.30932105320748
0.477033753944237
-0.0834696646395296
0.319226918136366
0.245592742524231
0.387981893154131
2.13201567290853
0.222583248489822
-1.6665795441682
0.490199018187426
-1.52692396903151
0.390703326655868
0.433929644231441
1.15568732352661
-0.206549053329895
0.867404189482762
-0.603039705146749
-0.00958960013004258
-0.204046490379752
0.333676053676761
-0.169605061794898
-0.577939463581013
-1.98483048182172
0.522274958933857
1.2098793456474
-0.560203154131731
0.152355941941652
-1.18375673892097
1.92080970635838
-0.841868755731796
-0.992816864064954
0.99710193096974
-0.537075370305649
0.241645548098229
1.37257589555857
-2.26693675621237
-0.331121118771503
0.156859795508321
-0.719992326792236
-0.26872823060469
-0.110127463331459
0.198931460724721
-0.234464746090858
0.388595410736592
-0.643209745437123
-0.342360437392983
0.327119039116573
-0.310771785401566
0.0440249820732921
-2.48596463918699
-1.32816704202172
-1.23635218459757
-0.997875131314033
-1.3389819531675
-0.554884593151162
-1.40282203022177
1.1804394281424
-1.77733281542913
-0.378619708746241
-0.540561630221259
-0.129353184413957
0.348490988042572
0.370589644449709
-0.919649014335271
-0.470222172689125
-0.337385391665601
-1.05250107811743
-1.73979984894725
-0.536289026930712
-0.0243462588885851
-0.359804485300944
-0.849657188811672
1.07992531072991
-0.0512732491438868
