"x"
-0.678270742216746
0.303226801567524
3.71664516499963
-0.716981813344605
3.73922010699919
1.82498874526417
0.454488024984094
1.6217614218001
3.65790021254976
3.8956951616598
1.21114352771816
0.829987851271401
0.241353663938871
0.127206244994376
2.93400479915707
-1.48901961953724
2.07270670508853
0.304540113398711
3.09868841135337
1.30662031319441
4.04333703708143
-1.01457555742556
3.67911769568284
2.56231942021596
1.08478068512863
-2.52256729455138
3.87662101833262
2.30084998247778
0.740295631615675
2.37535107268735
2.75857514966688
3.20199313385718
2.0011465283127
-0.0923877839238545
0.706741167674362
0.659645695364529
0.302241870797906
2.0451430367096
-1.05085925673237
0.860844422938041
2.72948437861285
-1.12655933461895
3.13095278175484
0.358714864423265
1.09957798797583
-0.185353502041483
0.594068548807715
1.6199888768776
1.05739277537549
-1.96447657077942
0.174532128615562
1.58837807733379
0.584810747243604
0.945074772272395
0.50375673106694
-2.06727722571121
-0.958587524158081
3.96859759860047
2.8622576862467
3.22176325710165
-1.34164480790653
4.99629509654279
-0.820092674212216
3.56919959628557
2.77675616913426
-0.57580921259169
-1.86296146467778
2.34062195387817
0.291800489798564
0.0770057253889555
0.168920741647641
1.26643834293383
0.869764356412815
1.84819693293699
1.87321776237934
0.425293363269211
3.72596995256762
1.44161691080687
0.218416971858546
0.340044348418594
5.00270333142258
-1.3066793400848
0.532192762812961
-0.68277507312817
-0.504887047097203
1.45302000537749
-0.32527512885073
-1.35867442305563
1.38868795569658
0.25773023087563
1.41283047892808
0.844935580094647
-0.712990474952651
1.27975278218214
0.754785512351705
-0.411771448714625
4.83032395284236
0.923521096047881
2.03353329249532
-0.131621290193734
3.35128955027613
0.700820976851381
1.33791410315024
0.705751665433102
1.1612549815555
1.86747187615826
3.69093928832868
1.86509592214236
-1.25905079470143
-0.66413456839561
-0.0957697350751862
1.18772162106609
1.89996590540533
4.25207214607357
0.690031396151343
1.39596840612773
1.3985377904201
1.71272040215108
3.00014362922973
-0.600439406316386
0.57431248845111
0.452876713230455
5.0964525982876
-0.296694940414139
1.5796695511004
1.74162187947051
-0.279236781213753
1.2925232582945
-2.0933980554007
-2.04785720383944
3.44170252619517
2.11552787225783
2.3469968139904
-4.6970367629585
1.71009043804165
0.745584626183759
4.00075931357029
0.787189865955563
0.0652605282470613
-0.139456568392143
0.230001844959806
0.120824409751595
-1.69442631308773
1.52785664090876
1.88757009861387
0.258006338191771
-0.836925106944506
1.2667390832693
1.55929032750484
1.29751820001064
1.53913745725553
2.59781442726853
4.7364221276567
2.36657792470259
3.83867251832346
0.401705698255693
0.925467063983386
-0.276361434153729
-2.2114695082422
5.2116955095764
1.04308998016292
2.73429713443487
0.711308135755413
1.47940394080549
2.47366107209917
-0.792432335351181
5.27825706970385
-3.05177919799079
0.156537937851908
2.89153360440522
4.11192110651365
0.898576169602302
0.652654143249824
-1.5586791216651
1.26478068408055
1.54590811051746
2.40735554728625
-1.04687950107665
-0.629142287668983
-2.84987985403848
-0.788749659186774
-1.11884406849865
2.13622065860239
-1.5837141765372
3.00758110291094
0.864756684764542
0.0514463520980259
2.60790847113707
2.7308896573511
0.867308573815673
-2.37099489850743
0.213276756453407
0.838873982170796
0.238122471028751
4.3761003952604
-0.367975761379918
-0.327846235982327
1.47576752605971
-2.37264969671182
1.33043841721097
1.16228090279851
-1.3548642180079
4.6159634564695
0.594155497145774
-1.24374659177673
4.35674372425107
-3.2939417364948
2.73709149847556
1.19229168663467
0.180166445579444
1.40411705024008
-0.711231688208309
3.3532678408449
1.13724430551039
3.43745240625036
-0.264660449929939
2.51385888346698
0.09315510720683
1.42241782923972
3.25219707220408
2.26896588234
4.04049137880453
-0.936352419081488
3.77877143509294
1.61426771028365
3.41441696663137
1.21179441327003
1.23287157643949
2.70135706772703
3.71301479427418
0.200879456584173
-0.62916493281772
0.698737234750081
-0.118011942124449
-2.42764260206901
-0.7108384097812
-0.657153997222745
0.167591212151861
2.13340128203509
0.448183948768836
0.60563028915398
5.11617479876309
1.54202578291226
4.27894259203408
1.93075470935066
2.25320401800232
0.813631122527991
1.86718472015654
1.44167764818139
3.59324670711137
2.3311356782627
0.987910177010108
0.238512067080232
-2.11630193200925
3.81013549091886
3.28571582645543
-2.30289445191247
0.57091761820308
2.5442322718508
-1.35086676402437
3.81853047413043
1.11143175987744
1.49276766785754
-0.621639765413209
1.13823239280101
0.997008841370051
2.07875710399118
1.68842073861416
2.4169864387336
1.970649425479
-0.344743763917466
1.30645356934171
0.353022232326523
0.842802289463721
-2.00211866949953
2.52313034537421
1.26121196960361
3.45431473951962
0.771632433221617
-1.38676480823953
2.76935295588364
1.40818746995389
-1.49354604383636
-1.06664016939782
3.07745112321902
2.71715174355326
2.42376240180291
1.50160395761374
3.77622271918553
0.670968812704052
2.20965869037589
4.52661091056098
0.673996426855202
0.432436310104666
4.82903434504651
0.714353933720266
0.451715168191693
-0.646683801390181
-0.842467231999877
1.05236078892742
-2.50156855981674
2.94464048658136
2.50979722470385
-0.79261914282383
-0.440757068778825
5.52626034106402
-0.378096980878669
2.1834952233837
3.08471788447813
-0.324067368885163
1.42651379800068
2.0547599961263
1.61902968943068
-5.56189365132614
-1.07021414606391
1.60728451751174
1.50780504502519
-0.708311655409198
2.34624052025351
1.65110496484661
-0.287500878155404
4.03104449485999
0.884922163669843
0.445550457917367
3.18030538057566
2.39402355577396
-0.0494751236395533
2.57298987550569
2.26242174935642
0.612331132839925
1.07843338425573
1.66171057907676
3.17005342179932
-0.055408804852908
2.3025721638577
3.31191102717027
2.03903336933502
2.18586173512437
1.26590333101426
0.448608870498785
1.58191581105672
4.08706612081483
-1.03180569486971
1.59937772528012
0.800971879066189
0.66908428182067
1.40819281696218
5.56757618354409
4.32787317729001
0.421486219638624
-0.705898294397189
2.10663424740692
1.36726192868082
3.03342321628892
4.06702834782334
1.92796338622007
-1.84654165086588
4.32162221732422
3.14122973903658
1.06248152299874
4.26194664180646
3.71607440034288
-2.62536296633054
-0.919464943361987
-1.54020288232353
1.97850920730223
-2.07711712321676
2.65718656784589
2.99735541581059
0.160434495914386
3.10258185308554
2.457973221167
0.700504197079365
0.939501506662952
3.44431455748244
-0.0587626565715924
0.351767621643189
0.881571102011002
1.71778225974102
3.66698807121517
2.48533186692411
0.36314865199785
0.986537437253652
0.40872526275705
1.50485962081409
-2.02616487233997
0.829915099081918
-2.5620042632524
0.0982180627889887
-0.881703728342294
0.999793908596818
1.87810628771238
3.20735968448398
-0.101525001220748
2.00836980060104
-0.947487673240557
-1.55009167565141
0.87346489124239
0.998564909341755
2.03107203480208
1.71006384181929
-0.420557269545048
0.208855419390552
1.06714541405319
1.78568715738035
-0.734419514446142
3.40388961740104
0.239690844750011
4.42594100271658
4.24392674376918
0.901883575040049
-1.05669563709649
0.357215766508506
0.072553036065112
0.58570380968128
-0.625883905333288
3.69081342198699
0.188140821819467
1.70822541606189
0.832441338682192
1.74470608376282
-1.50763308009534
2.77674193802006
1.58368270446615
2.0265262676032
0.0419465988173082
0.32753248708517
0.0788892185725213
1.47857726712252
0.919257583817103
1.01747962744689
3.20583390942917
-1.02209979538308
2.83779961213535
2.33412051881587
1.69105267412654
2.43673772784074
1.22219360800171
0.0745938626398401
0.46424078797256
-1.73410494840475
2.42583556119021
3.08196058320622
0.401775251060475
3.71372256930173
1.6332591359546
-0.997108511715946
-0.981289120712156
-1.52455782080839
3.9075432800941
-0.790071906506569
-0.709665789040626
0.452849025831209
0.0535868311308869
5.13942989825865
-2.02098222151904
-0.393217098774206
3.66407955660267
3.84773029510007
0.863174964654378
2.4587140647587
2.40677477218121
0.700600524199627
0.280387486693914
3.29918815281681
2.06161391152233
1.40576188532188
3.0402017784162
3.33384733462017
-0.213343361813998
2.08391591893409
2.83856634491354
0.0966363683079878
-0.788774513118525
4.29961010488477
-0.524703824937268
3.06924690565983
0.801510637657688
-4.32638792205292
-2.45428692411441
-1.6914988221983
3.01616958781924
-0.935400313672422
1.09745300267581
3.22826052101126
-1.74709527484407
0.479985018051271
1.28127627002388
-1.28717526180262
-0.925727585049098
3.40218826492996
-0.942355732693272
1.42181415523854
2.27154059994852
0.313026157176863
2.43245720322958
-0.83670064041186
-1.27265690690148
-0.67551311381481
0.446130266384925
-3.30976958606672
0.484119603772856
-1.38179052650854
0.99667086001989
1.01392420011
2.37335355837663
0.264734751049338
2.95531998858725
-1.97982156787167
2.96846423358206
-0.932505229271224
-0.241901854172527
-1.45440084195457
2.44928293169231
-0.436631546068605
-1.20107699042798
4.62296913618718
1.55616906022203
3.24787202779258
5.53310590766032
1.07006542116455
0.611917305438732
1.26123513897438
2.41130628266118
-0.240059364868538
3.02343965798628
3.04945069280257
1.0216439789202
2.29954095597999
1.20938208933666
-1.19637257752093
1.00123214142058
2.44068338525785
0.004168155726504
0.801374349469611
1.01864539749375
2.34515252068186
2.2706558501792
1.35044442290897
0.738099525778522
-1.23206761147593
2.04235091240363
0.94916466730548
1.85274609327414
0.758549244144457
3.21727516428999
0.834094074145331
-0.507064728432967
0.721512769050449
2.34727526245786
0.151409344173178
2.49011190130789
3.32040436592907
-0.13269941846221
2.50795543100222
2.56809315512354
0.939815416135907
2.53590391447155
1.64068063727377
-0.384113680001656
0.99392666678712
-0.199605530415836
2.29412288409468
2.33841421551771
-1.48668305492443
0.808314948048806
1.79944996900609
1.98874461455361
2.88970313891427
-0.238802915781409
2.42887956391114
-0.686398642721151
3.67678469833452
2.40329039938948
2.75940888101755
-2.30323581779988
1.2559873170838
1.11904461390675
1.9592787451324
3.93514454216025
0.539225893102217
3.37388247155779
0.546341237752929
0.412254285788884
0.438309249542949
3.12983827513197
-0.496091220801347
-0.14482884857504
0.459100238946421
3.57992496305191
-0.168574491240503
-0.191349734667249
0.725943584266538
0.91156598115328
-0.785576236180552
-1.46776436184327
2.90209684725279
-1.84026187053563
-1.44030301304361
0.73759670505295
-2.76004656789267
0.430038694037317
-0.750944669332523
1.53676776338683
-0.722170302191195
-0.0501276314700279
1.67766336038036
2.98516534919916
1.26401684717524
1.85079649516539
1.5396873496809
0.0346090656048633
2.99744604194147
2.15050836971614
-2.6979946545131
1.34628347335159
2.34699329182286
0.383789293079883
-0.988653484871769
1.09563445932883
-0.814409813371998
3.99616312872186
1.06886831593066
0.809711561975982
3.75578832504564
1.8991852922565
-0.0162926044333949
-1.571464093912
1.98402191086506
-0.536074603644441
-1.13072468569549
1.568637110961
0.385855094633406
0.953522289680679
0.360948506326976
1.35414420202666
2.33451507844674
0.613588263223476
1.64125508823782
2.41452748946879
1.98301231472009
-0.490972212763085
0.305765277314935
-1.83974620444642
1.05009157514275
-1.12264480560851
-0.0208510183229036
1.07671762842132
-2.52100309197705
2.93002564388606
1.14161332923447
3.28922443744285
0.264116221105341
-0.651406200888101
2.94931957452304
0.61257952753308
2.084832904924
-1.66368747645412
0.143663182886273
1.99326214515419
0.0768665655500876
6.94029749819413
1.87567996509334
-0.277270337357645
1.18942923721164
1.87057803504832
2.33238075427498
-1.08278957036453
-2.62120412063575
1.90894613896322
-1.11599248704163
2.19282118762244
-0.543599461261932
4.68073771099401
0.263196613145082
1.58532362297511
1.20958665429826
-0.176335473474207
-0.581861294408105
-2.33873646307222
-0.728089303414708
0.867413542862682
2.08215488042629
0.362094075449495
2.53209063201377
2.01805160682795
1.26427119525217
-1.83328734991089
-1.83985161656127
1.40010226089587
1.61307276186054
-1.3767409982554
0.0572532654216603
0.0483601881176267
1.52541613295436
3.11525741741051
0.288133584377399
-0.2988848481532
1.3269844101411
3.0952646537309
2.62627996547326
0.058341745317791
2.11468644981599
2.71651364100529
1.17957750478054
2.51043022556732
-0.121734376255447
0.251817675718152
-0.791358391338276
0.857390192109552
-2.03593036341525
1.93784426802666
0.777519347319118
0.431916766204207
2.78219746343067
2.58201548003231
2.42396669342997
-0.753652234900595
-0.480257729021831
0.279857932510573
2.17391006493032
0.689516499332699
2.89292210337075
1.64185544017755
-0.118020181380871
0.651262394969534
0.212331753345097
2.04103140614979
0.174396789852399
3.85626169768957
2.1714773936465
1.99615006145758
3.37006690476899
0.0226281997923763
3.75893331562561
1.03876117693252
-2.25341537915809
-2.41213536526507
1.34019173637988
2.53065550504471
2.33404982707984
4.00430563528761
0.360991529799733
3.30392825021991
4.5052101641357
-0.316391114838866
4.77163231707796
2.19800799778192
3.88703560015489
1.07675937639131
1.04492792600493
-0.37753776353489
2.63387652698792
0.5875889506495
-0.158019218975877
-0.951421597912255
1.09577398225637
-0.384732372720606
0.730544885076282
1.76996632173053
-0.992632426716373
-0.188317420635954
0.971436416065004
0.379888463037081
2.76027343308078
-0.0402254672283232
1.07168626464693
0.31091383190405
2.37786787067622
-1.53208783107511
2.97523554757984
2.99503067551544
1.71534753575623
-2.5834493685545
-2.2813004038319
0.836110539385037
-0.858809213287253
2.27835447391292
0.28574469238423
0.155210747684553
2.8921228583958
-0.744687258371046
0.186518857895292
0.0465487701775318
-0.352517956695222
0.770239741277239
3.59495408457356
1.04536685362487
3.25095784022319
0.753573186924045
3.1240202942168
-0.122911181525482
3.2268138294703
-0.00567520830172669
-0.635688100387418
2.66651137643309
-0.779700862518047
-0.312354600934254
-0.567715620029956
0.993391071784751
0.743148941224064
0.0392137353213801
0.92563359930093
2.35449897042252
-0.566728734104544
-0.671328032894756
3.34746717113084
3.36722151594919
2.33543545355864
0.24987012151678
-0.668796338749247
0.273927670767629
0.0885973515123952
0.0548967066689676
2.67937944754371
2.24893017189407
-2.10225552987067
-0.0345883839968493
-0.671297324351591
-3.61621296031464
-0.208551499022959
2.16612478533432
4.36199280280119
3.63506477019673
-2.02476778365754
-0.322357692407235
-1.17972006094537
1.39476700076668
1.98236173467049
2.30470978394943
1.20260858589174
2.27127072403636
0.585955773457108
2.58728102437721
2.70384394761234
3.49697546562441
4.25257175818244
2.1332198168124
4.81546168665645
0.420008028465148
1.93761030376904
0.511819413344651
4.83607379410164
-0.911294805132592
3.14242141653889
2.68153635278077
-1.04077217599465
-0.657931863326074
-4.2589307273936
-0.874374404801373
1.34851160143409
0.460813380247549
2.26676011937167
1.9272889693539
0.575148404629183
-2.21035276781073
6.01048546010961
-0.838702596446228
-1.18607475408932
4.40313774413055
3.75841810732246
2.79505395751369
0.469224319038015
2.38172542583484
-0.580565775737739
1.36542799789467
2.14290165042709
0.16382293011828
-0.485924142046101
1.43315471866218
1.43449551789229
1.0629138699035
0.841761482724728
0.32481479299712
-2.16030612078479
2.19465203221382
4.20662296294379
0.313854970019329
-2.00496357675265
1.77033256384493
1.23781082386516
3.42559796148788
3.1871388365113
-0.764035295834422
0.317148267401251
2.70358211543361
-1.05362461575651
2.38428903349553
2.79135618547246
-1.56297059408311
2.33776494717966
1.62662757583373
0.501951927716337
0.929626997096635
2.28414506842456
0.75909413738371
0.684158079724914
1.88162989339743
-0.425295412538295
0.673590649196831
2.38836969763753
1.87299704864344
1.14779352230014
1.04316992790645
-0.00526795268312807
1.14133159856542
1.12576650329581
0.68146986346942
-1.89218883327866
-0.666246887106033
2.49827951358777
2.89670306741282
2.858951843143
1.40884053639239
1.58834376578249
4.13215633048429
-0.15934573885997
4.26045927233214
6.02023512007568
-0.800788867191001
2.62553990369828
1.59979295025087
0.577801937309488
-0.51508998692666
2.17456296463606
-0.461408336462702
-0.640735482808054
0.681906835142638
-0.45737893230861
-0.695458823392522
1.98513459534264
-0.509475887348954
3.67608571573949
3.60191538295898
3.23480920989223
-1.92856848746175
-1.11303454450624
3.82668568018104
-0.622797167223487
-0.229053021022793
1.72416284738272
1.3444659415556
3.63872959916874
-2.07233568192429
2.12957370284228
1.25064007200324
-0.929241246712188
3.05445599056535
-1.41828023587606
-2.49507529140638
0.111546265385177
-0.760159178641609
0.647546464319944
4.7360249150522
1.36161486130141
2.48343874408923
0.670135114334929
0.793460346457268
-0.441320968318885
-0.940317551494463
1.69312094154348
2.05342258752197
0.699175675097832
1.61934823690442
1.03526187108118
-1.43537670415246
2.29326736468842
1.02121792924179
1.59983095093683
0.35368947064662
4.29981960199222
0.663479611974694
-0.770076185589989
0.00230660279211414
-0.90212544405419
-2.24686932192092
-2.18067867364512
0.845126992182084
4.21734867890972
-2.01036464173035
1.58561975885113
0.950349563238116
1.46295613933426
1.88734000769201
0.949862685539347
0.535928721602263
-0.524247376560204
-1.21740300448956
0.772473956578179
2.48575743325093
2.1455333974862
1.72622831335131
0.537739064111711
3.50651731663315
-0.87019054238108
3.08823153494872
-0.613357650923704
-2.50974172302714
2.84172980546234
1.14362446491237
2.05008034784789
2.49511473125261
-2.32887494953408
-0.119741653988647
0.259296882043311
0.13649323018476
-0.327197819170195
3.02728931237286
-0.978587401185734
0.857357647163108
2.89596903391407
2.96950241635476
2.59611452573472
1.33557694861391
2.41304669854708
-1.68570454982318
1.47215850973606
-0.156041142186579
3.5193369170252
-2.30343831512095
1.12197840108745
2.33975917799261
-0.830940861884413
1.7011910462727
0.509148709317331
2.48920768619968
-3.42498661119443
2.3070434048137
0.859282093507425
2.24148438728174
2.44953937324175
1.14569584139462
2.89498492239945
1.40196451503279
1.58251008854444
2.74208901984722
-2.86263133146714
2.7477984838784
-0.407700278616435
4.41975416041001
0.133052413237336
0.723047622534869
1.30910609055598
3.97113766782455
1.772687086847
0.190042272014533
3.48758592751276
2.03739090305461
5.98392047001887
2.16759837541048
0.430431131027718
3.38959771287542
-1.45161301153789
-0.833502632819904
-1.87489158048471
2.41309920001986
1.09347133427226
-0.804350484373646
-0.218592859402807
1.18919332621063
-1.76380166122542
1.29113927623784
0.428237836244065
0.694318096094635
0.580184291692621
-0.148689942694905
2.79192258637944
0.945483274459804
1.11886505989049
1.8443708335081
3.75692613685715
-0.0205737581330982
0.996500616315929
1.96377888585867
2.75786488744109
1.20697090676205
2.78745266381034
1.0727712443758
-1.17872291237787
1.20884670565449
5.95745470297286
4.91094481078852
-0.442716822168359
2.89304563043391
3.2514801153612
-2.32652711094937
-1.03793084888525
-1.92219520003994
-0.404759042494429
5.07665738279145
1.25477476621317
-0.0646540250039417
1.94970251849503
2.76242520107548
-1.70469545933578
-1.38841927792038
1.78691334484739
-0.0410178631468726
5.79600394350232
1.09623841760402
-0.0544350021275047
-1.06950025026402
-0.385371989188516
-1.56267834732177
3.43059947406537
-0.674712995043259
1.16572321836109
-0.234573401059416
-0.475126591700762
3.09035180383749
0.53767985356236
-1.42972625462938
0.49815885192849
0.374374213578127
-0.870241552581894
-0.133790600226985
1.18967631799281
1.00692240490588
1.13731596785868
0.673279841399791
-0.761512646510702
3.7488135132504
2.40573937596051
2.9853831916919
0.949193076856735
0.0118410827084448
-0.502738021043738
-1.04574573258053
3.8374660556642
3.44176072253138
0.969306235115129
-0.64565888027767
0.0537035805119004
2.93947498856117
0.694410243143294
1.62201199001413
-0.588965649504328
1.82188428403085
0.871712374806629
1.32724618901126
0.973503952608216
-1.64059414217692
2.9176455982133
1.87571139564887
1.77121289786156
-2.91913308512725
0.559391400486807
2.16696984029564
2.776825052675
-1.4241002773699
-2.35281538217699
2.48224417719553
-0.303875362540122
-1.85068145266053
2.33363752191282
0.200171478937142
3.04647680377565
2.30955174801852
1.00061138347177
0.77582151525154
1.60607227589992
2.29730612694246
2.23230981335243
2.41103233183661
1.24885954305966
0.284281941823165
0.813286991484784
1.35165957523589
-0.407137706027372
0.99948452962459
2.5020521757697
1.42248456338098
2.63029552989246
1.3565178918181
0.801151712823357
0.298760398618566
1.1774263937905
2.80241999991268
0.294282954457354
-2.14222051850157
-3.06412475885626
0.755514742158508
-0.132884524913472
1.38835054586754
-0.356171372295251
-1.13167695390121
-0.700232068478912
1.14327380124541
1.76910204145604
-0.248514889373567
2.00796194429039
1.563819230294
-1.29534372802654
-0.228852579619477
0.235059453549628
1.15405257234493
1.14500828010055
-1.22898905575046
2.79202457643168
1.84543989156135
0.863502613830629
-0.958452047463293
2.53149583831154
2.38538369108093
2.0624778719785
-0.969919506319767
1.61705209985821
-0.194205821546841
-0.136554649893559
2.70486761954463
-2.3424657706817
1.11477070843781
1.27261045223341
3.65940595709478
2.71123041173207
0.377106910509471
0.796583920299048
-0.997129653943039
2.71164292329316
0.689838009470409
1.04149877163029
1.72963727812589
0.424348594574156
2.29665669222554
3.23186999383004
0.811267986755108
3.6330737211843
8.34539238177001e-05
1.01597902791944
2.65128448054153
1.69456664544965
-1.48593946621564
0.507849378556698
0.563052329278801
2.39327246162395
-1.01195901333567
-0.6308440803029
0.989563510800571
2.03023005172347
-0.344349406447618
3.36686012344812
-2.38611941255463
1.44618503052414
2.13793740733756
1.93053994003896
1.61281926584677
-2.57599773739215
1.31446333270958
3.07037581054229
-0.744631864889379
1.92976624957687
-0.910223161502408
1.06828066361034
0.151590509470794
0.18037551222033
1.66381106704408
-1.29609112708277
-2.4708883749196
0.35007420064206
3.14107702075446
-0.612611738188887
1.54130743203625
-0.69494184280949
5.35805302497857
1.15416691584579
-1.02573846441873
0.565009935689188
-0.972883630497897
0.2624382401865
3.97865936628455
1.89347908994645
0.418961329364999
0.577501922848025
-0.206691764415129
2.45914527988897
1.38209287519071
-2.16497725681012
0.567266964110762
0.241808734322699
-1.59425011171539
-0.103842316183378
2.12918291134431
3.50064021514509
-1.61057540294029
2.6274929633624
1.51664958421541
0.451154673654501
0.181874502434991
-0.78249413723222
0.870388972188261
1.44655371930533
2.34760932529936
4.14786435562267
4.39354734101374
-1.0569481789678
-0.778398097127757
3.68927888608606
-0.805119218233486
-0.548042890565416
2.35037243943623
1.32129717337861
2.53159520020626
2.86522172878518
2.83446547185785
0.63253885362834
3.36667397060751
0.29612998145202
-1.10788914330487
3.91209539440987
1.95459501350998
-2.31655383721332
3.08709598874665
-0.401885654996358
-0.802720217389789
-0.565984695068552
1.83009595420619
1.7183523944216
2.38089182385039
-0.674581734162655
-0.487368848342893
2.40113366820312
1.51450959077595
1.78368364130107
2.75055756045305
2.02819091524964
3.79177484451223
1.26254042310465
0.932850795416576
-1.08143787112439
1.54481345025579
-0.717953003945852
-0.202236369156925
3.0443620658092
-2.27414054182573
2.71557309758328
1.10448762532044
0.234447521069575
0.255820539905349
-1.05589522284134
-2.24413324341501
1.95446511108652
1.45335653635905
-2.51316514179811
1.87244840131931
2.11066611847007
0.612679987248177
-0.533545527748794
0.394248253133389
5.0735229281009
3.28681294465434
1.77874805342135
0.835392122678398
2.98496720507438
-0.825647061357824
0.985053295717974
1.67936914728219
-1.42291132655592
-1.68196683362342
0.899600747806713
3.56235979467488
1.43915315353146
1.06222613238062
0.329352093603638
1.78927398008727
0.936330431582759
-0.504446256623342
1.21549023264316
-1.18677456980969
2.64879615716902
1.98738356057785
1.17459835644723
3.72401699366847
2.81947290368102
-0.178116787439146
-1.10591889348177
-1.33198837036686
1.02476312020825
1.69206200183144
1.74187745134298
0.210400303325797
1.62525856416123
-0.26742733667786
1.32204781845029
0.0917936957785455
-2.20766321806143
-0.233546903276875
-1.29772422623744
3.95547933847917
1.5881921864248
2.71607872522691
0.197261985770273
-0.178298202483179
4.58058144035546
2.57626989235598
5.20435127370757
1.36000229243255
1.4402629341059
3.04149180894468
0.959277271197831
0.280775695509999
-0.508063746960359
2.37670056717737
0.798428883909981
0.714639755294316
-0.947419657719295
-1.34299795322435
2.97253197597868
2.040460090547
3.2512252401418
0.799098450473723
-0.119509316330987
-0.351972476242929
3.74688066942563
1.7949859585805
1.05564872581779
-0.478173133413184
2.04802062108043
2.33766450755313
-0.0869296814746896
0.407729067088538
0.182975338822403
1.55779607401688
-3.26279436021188
3.61261338016833
-0.370856936064271
1.24085282075691
3.32662039020948
1.54830790098973
-1.15339058097035
-1.00504697936711
2.78237352653872
-0.212078875179219
1.4319131371962
2.91418313724842
2.66296163568593
-1.2845035515337
3.42680422661789
-2.53193089815539
2.80717441605776
-0.258222366885484
1.53725669657904
1.95110017914595
2.91397020235539
0.664831748481169
1.16295511191539
0.280350847614686
-1.81458194139649
-0.341291579026846
0.703849085709824
0.369270751954004
1.61220749823669
2.29410432080838
0.622917924805888
1.40699321533891
-0.643411622694311
0.153369869157928
2.70013953111228
1.23819368223787
2.52780812997607
0.361316779689158
1.80297469293652
3.72480030092343
3.32895279515238
1.33303750335685
2.85151377126804
-0.147367953698375
2.08341231858983
-0.0249896040015809
-0.719612051313125
1.67979754158119
1.65045658440369
0.373276425643752
1.29245233898304
-0.0281714588945247
-0.323192303874941
3.23315769871806
0.318862460441586
3.9772681686126
2.23748339416236
0.870394513200744
2.03868515664384
2.98738738229889
2.8673966942645
2.29609111565899
0.836217912087891
1.00670838513971
4.18271201637443
-1.28457702999598
-0.702207693387063
1.64623604391724
-1.22519333391764
2.32573435453708
0.326560975594636
-0.163833144378361
0.723982522787448
-0.505002307763621
-0.738892373859631
1.16950104442653
2.10174715773
1.57415860828492
-0.278110331526447
1.00216189114921
1.28110297166421
0.665760621889716
1.42989987477631
1.96654735403788
2.54633926015375
1.64681938369974
0.575199692879682
3.33736488844863
-0.00586545488853962
0.101902360640338
-0.793204208173783
-0.100178300042589
0.843846117301478
1.96141203928452
1.30543043613819
-1.60410054951155
3.00474247476835
2.15876878878377
1.54430777130219
1.76829664674749
1.00644901124755
-1.90249090979995
2.87303486694586
3.86659317903425
0.235383278283543
0.277558002615487
3.30792645949854
1.5693501640877
3.06751457534241
1.52969007998221
2.21910556609609
2.82994087615781
1.78889557672587
1.937961649251
2.20726646622752
2.10302013725933
2.7232382911635
0.40723537319836
-0.818857639363584
2.69137011303464
-1.37804301908462
0.135083127655888
1.09611528860821
0.528517379707144
-2.07311677728067
1.30656300628471
2.13823553950089
0.985785881727995
-2.66771468218727
-2.01263868807245
-0.146507902390227
4.69749119930541
1.96110369799434
0.68830995233828
2.54710423592903
2.47826446464618
1.07709524881613
-0.217106064935936
1.32348646573416
1.13912827076272
2.47983802455075
2.90539166795573
0.915914325653939
0.270504005023587
0.741186289323697
0.150976066250302
-2.1681675657
-0.363792692441713
3.19210718226053
1.49223491728849
-0.704661824795997
-1.3326776917412
2.92466416887132
1.91326415131926
0.400315150374441
2.01652528299533
-0.0647315075024916
7.01194710718696
1.23986072517936
-0.424167312499042
2.85875020969177
2.18992113361927
1.23616668268379
-0.361367504736147
-1.51853404617531
1.37348798301826
-0.877230732814754
0.485843859498056
0.826944058686283
-1.14887747833326
-0.0506427019200411
2.30718319843024
-4.23874011877475
3.56729386869298
0.602466016585034
-0.957031787519261
-0.223827244998918
-0.311211125544153
0.371991491396316
1.66058412886531
1.97039210124811
0.349825668175299
-0.0258489507273348
2.86041112544682
1.64558515827555
-1.03021323948615
3.29691554169546
-0.00655688354068351
-0.393380017705918
4.28796554664993
1.81112872670798
2.34068634619644
3.09336198009841
0.621246871953684
0.638735656414644
1.45786663829063
-0.0571183652765655
3.38182871224666
-2.85928511977481
1.37202740267938
3.14183818751374
3.43533226791128
1.10937341869527
1.67520447528555
-0.194449878814952
0.82431311102
1.64613696119432
3.22947233884871
3.44384871481179
0.589399930629692
-2.56205540391257
1.2183294650624
3.23384955176779
2.40068655593912
2.7402963258054
-0.230334857224241
0.0344571676907515
2.22363954678546
2.22185509454131
-1.30237212252848
1.1201863346734
-1.69674227231709
0.752118356962154
0.715514915280912
-1.15021876870773
0.0684137008012391
-1.72727876453987
-1.28578749136639
-0.323974857522432
1.02313670962396
2.08410662280119
1.49809949313863
-0.171908768481472
0.645231790979403
2.61406344193875
2.15306958763695
4.63743063058393
-1.80075506827076
1.22842417599436
-0.754041570420648
3.4683400863835
-1.41273372953671
0.959156925175451
1.23137060000544
3.85737080614016
-1.37526676297064
2.06638002344051
1.6489267139188
0.0518388968521848
4.69216084843655
0.350122825298487
-1.38307107698473
-0.65670064813001
3.99270601055532
1.61579520041627
2.28935978995637
2.11717473471333
3.48534139700321
-0.910628879286466
-0.80203675457681
0.602871788936305
1.74985234688174
-0.0460502888013825
1.21494114248853
1.4177198116316
-1.50976817322666
0.930683478986327
0.480135012626649
0.805993590676625
4.90535053239961
0.852369070109796
2.90510835713821
2.45381430690429
3.60411275350536
0.426581952307788
0.372610574810409
0.244714955656543
1.24210258645184
2.19987269559539
3.40486250463012
2.41722483316874
-0.580589257703051
3.2390139753531
1.00066906743475
1.28935984172981
1.63825696926488
4.75940833722895
-1.86212082659935
0.922512290456533
0.501435695001197
-1.30546608426493
0.0465328195742734
1.09430869993049
-2.78820979593868
-0.169295301676326
3.84348892802886
0.213691446279397
2.84343398717626
0.284786225050082
1.16442660561785
-0.529063383896207
-1.00423610087747
3.06338204516366
1.67386683505301
3.49865186285799
1.34241849054508
0.326862955191893
2.52050286255035
4.75470789991184
-1.83339801546322
0.99492775269395
0.918471811125962
-5.28878442178176
-2.42953625698055
0.23841054334978
0.396241197474552
1.14623788731447
-0.376532939098825
2.69584650038083
3.98630672755002
0.0619852459372832
2.98076302427053
0.902603229290885
3.39002533178198
1.94838594403185
0.533970512355132
3.27341226740765
-1.35606948551945
0.418804906208696
-3.65142451261576
0.122846798834409
3.24704138504837
-1.06471645906361
0.528757545170971
-0.999546254673286
2.88925660811642
0.436921064023504
3.13875599276643
2.78831294234377
-0.426971603026582
-1.29601222736309
-1.27280804455834
0.609633402815483
0.429661496391383
1.17581494812115
2.93186129920166
-1.15379758718737
0.0697876901276246
3.68712225533057
2.24721517581588
0.442030746853852
0.785986353459008
1.01382570007928
-0.399135618555733
4.49528849720734
2.45030695701845
2.13565139067336
-0.210830321850918
-1.57979851339041
-0.408520305165927
-0.648789150084183
2.32700232961338
1.18188455917762
-1.65983125558668
-4.97601523177329
-1.93536000860993
2.33193356309083
-1.62810558304759
6.1174487965084
-3.90653401366187
1.23595208839249
-0.990369015254823
-0.165867976304157
1.12769649185263
2.26145249500944
0.400315666426319
2.31951913709046
3.4974605417643
2.50986317832649
2.39996552006707
2.2445827308209
4.94887617229786
-2.16617010660076
-1.82732341658337
2.42524139256816
1.36616096224048
-2.80605438074783
2.0018335264803
-0.166026963898988
2.45041699748805
4.1421368807142
0.457755288593369
1.46714396820104
-0.809042429102801
3.15251751298613
-0.51656331862964
-0.890563759847192
1.34289477254592
-0.667078458896293
1.71133050036498
4.25749073911544
1.97125926573307
2.45683347938926
1.58392618361112
2.0558360245211
0.0256633842359162
1.71260956092389
-1.83092795659298
0.409407637238623
-0.58399027720295
3.24286501253739
2.46416289922308
0.00830310033141846
-1.71129382015283
-0.541996539461715
0.389236930561472
-0.674883248220317
3.38422872746625
5.16089356446299
2.43928227938846
-0.0870291231538313
1.0825144444901
0.125022570268469
-0.446158164598058
0.612211542696325
4.65530357768681
1.36861049721762
2.30500760068463
1.42002100278696
-0.884780891037087
-0.462668944905692
2.39704547305866
3.31573731327303
0.407235812849456
1.68938008962597
3.13246221424586
0.398251340216893
2.97052753826559
-0.811087427745799
2.66732197988796
1.81369151293875
0.812461800241833
1.49062644541771
0.236478644127164
3.44831121187031
4.13520824576155
0.821192112369404
0.696184714849119
3.30517284135808
0.366336924878344
0.346770246874818
0.529604630951898
3.93399263100347
0.114493525544749
-0.178768532394797
4.1468883030801
2.71525308548928
2.93268727013892
-0.622855798134301
0.330661982704658
4.46551076343533
-0.0995639846943805
0.671470579332336
1.2760188966728
2.53824050307178
1.84360841892041
3.5295566343727
-0.775899845479013
1.11798288866793
3.88817674971909
1.02937920667482
2.95629202935674
1.31648933032989
-1.1929540302755
2.66694821990461
-0.0502117740668422
4.35888443858812
-0.344187611161978
3.01264115134007
-1.82382033764246
1.17726283974201
-1.1665674203205
-0.536424443527241
2.61072880682402
1.17785059892455
2.2436036843132
-0.457456634176892
-0.384630281046946
1.17322073666427
-2.69409523072232
1.09540584675178
-1.10229539135691
1.93860486302943
-0.594862590226843
1.18467932582836
-1.94860148889446
2.17939094830441
2.66212147881073
3.11745880983903
3.5487834704274
2.9084052821638
0.27840852518167
0.427361395839621
0.463662583621858
2.08534446381991
-0.165769218788942
3.34069055959747
2.58425225454315
1.05096333758592
-1.76001877288142
0.231946933445382
-0.668703726186053
1.52207358227136
-1.01742898597556
2.51558280304516
1.03923859367569
-2.12534733146657
3.568425240191
2.25463354836575
-0.610511714848154
3.11042963668178
3.1463947726852
0.508048871560379
2.20685027067115
-0.964432874154346
4.02807605344596
2.97598520610007
-1.27488231123905
5.25643641140911
1.76483858062008
1.57411363227991
-0.817611148844325
0.503745671434638
0.349596360228743
1.66138988365873
1.748770602489
1.67903916726748
0.920615566202871
-0.516331093768945
-1.88652843469981
1.49894621398125
4.4025078177851
2.01167707493102
2.91917976528092
0.00528478573092539
1.06665866847294
-0.497192947959124
1.34065172188552
0.597333382265436
-0.72417095076618
-0.451189436722872
-1.86457051119904
1.0976363869716
1.71235776143633
1.47848388028276
2.747872469522
-0.375504505613831
-0.977725842296351
3.10730429323129
2.48831321015864
-2.16564005875772
-0.704405008277254
-0.603042505042149
-0.651142625221117
-0.991220421208254
1.79494937677685
-2.81789516102899
1.45025667545824
1.19476308911525
0.915835553042549
2.62886779948287
-0.171604081564806
3.82783140599637
4.18403936680356
1.36524459971637
2.90044278549235
2.54991518459573
1.18116678208712
-3.32553969624478
2.50474554412598
2.04573499782861
1.93674702916804
1.98802040678943
-1.38137203788372
-1.60052400473277
0.943209134971389
2.36197748530394
0.814492927461364
0.42144594440051
2.63381278780452
2.25019835323269
-0.567971521929461
-1.7030146759952
3.68034344534796
0.0983315253360302
1.8661895480882
1.00706427511588
4.37168181510854
-2.066130271225
2.3177718224851
1.13715230745004
2.60676570074819
2.70450105494572
1.26531069044595
1.27596342862892
-1.11113339045309
1.33471225311176
5.7761981608783
-0.445480088221023
0.128099264604034
2.89188510718164
0.919234362795068
0.5433446889029
2.62065489086154
2.11111618467198
-2.93337573494174
2.18718990776655
1.19524315341748
-0.589427792395819
-2.56512817423244
-0.200525416448863
1.38414322670015
1.49211445819667
-0.927793806506992
0.304212940152846
1.57008958139294
-0.572459608050588
-1.89171219328827
1.45470705576235
1.61878413409329
2.21387149213546
3.37039771040952
-0.253020911711623
0.724607603763878
3.43101578882777
4.95891900737187
0.612484324417761
0.20634926968576
-1.44274793734492
-1.24677901692475
-0.641224004567914
0.976697563884294
1.06884008822425
3.0945825565346
0.250465143035519
1.40680765121132
3.84342128069659
1.35722684335344
0.790156098120381
2.47937178581476
2.10421451938703
-3.87158116803273
1.17155407590879
2.62938098448442
3.43079692291801
2.70433626650603
1.09284105714275
1.5045646278149
-2.38796686124682
1.17749701902178
3.36925679590885
0.567751747650141
0.18566556705988
4.27392116391025
1.56123994452466
1.16315828431102
0.988130984553144
0.70966380375075
2.69086177033468
0.795981659860879
3.40539462755125
1.71918545480647
-0.294586220692589
-0.21922718631389
2.32150869461106
-0.313957376833999
0.942940558366162
-1.63016681438035
2.09402589947192
3.06617637481881
-0.496666305846645
2.55523383117768
-1.21302438617296
3.41499423880709
0.635618663129424
2.11002041153165
1.23156931751751
0.963431905681552
0.367986679722477
1.42354149056258
0.830013812058426
1.28608082489701
-0.994816284095392
3.06863028881551
-2.51701413397733
3.82675346391427
-2.08696352643794
0.204020298832279
-0.301372714804918
1.63765539248122
3.52445198135624
2.83388994326645
0.808257764537789
2.62602188267903
2.52862269623951
-0.15977971763527
2.52057180705882
3.92601944440093
0.705263764100671
1.10676652399303
-1.80149363853007
-1.46358623221595
2.2619216935879
2.4399261583677
2.86092457804378
3.53344764042139
-0.733501256894839
1.60537935797986
0.123213438567987
-0.889250208348175
-1.44593331128941
2.72315789386102
0.259919228907698
-0.0509026159781569
-0.362131643228239
1.95019536727283
-0.510385542243695
2.29116400542504
1.8543264488233
-2.87776552752206
-2.81804774741385
-1.10845119136696
-1.83004713637555
2.90479152126511
-1.94681790802757
-1.54455561450269
0.625293104111065
-0.110603045593937
2.35413220268107
2.74153879397631
-0.687280114765965
2.06647962256056
3.0067540944872
0.0821464149491832
1.51481629645559
0.868417844042418
0.509501875442544
3.56490857557459
6.23399408552679
3.48647568868834
1.55627624138752
0.262885267763595
0.778522346485029
0.551794818761517
-0.704829089664996
2.50844941931865
1.69302324866139
1.85898729996565
4.16975631846568
-0.315120828893377
-0.727640301032431
4.82472426406809
2.63342667575216
1.26314772571854
2.26543054202546
0.301934458447247
-1.77010819364989
2.5317100325202
-2.67591637808742
-0.385080244084441
2.04461459383236
0.201925854597844
1.50166892038103
3.55523656160159
2.98816911133611
3.60134498113436
-2.30478446745532
1.43907427167555
2.73880222208338
0.624279776210583
1.65978272175287
1.6134294643154
-0.916791572861746
3.22614435850295
-0.135485879962415
3.07034476874751
2.77290336120764
-0.42040945399019
0.759387836031545
0.95255505446608
1.78178117764265
2.93008988931571
0.204170336300814
0.374914906154437
1.61892859199381
1.86290199030799
-2.65261596938404
-1.20679539243411
1.30169874443403
1.05785801601485
2.69241043747389
3.63123333449227
1.14838633745608
2.4977810619377
1.81693588154434
2.83598084689371
1.89076013748639
-0.12155242279732
3.17675399687453
0.144565275551475
0.271736074795187
-2.29489638402558
1.624651310199
0.16756135064369
-0.888581598673223
1.73740255755
-1.45791282347251
2.79186272510263
-1.70340002426354
-2.42761530420484
-1.5777259633943
-2.1731983336065
1.90400388033008
3.50253620330771
2.64269041635983
2.01353832840913
1.98322692013606
-2.05807092157181
3.26586021256821
1.6561458868171
4.01150116980493
0.910135230693454
0.638414335247589
0.57593667602728
1.44637583933308
-2.97407956571982
-1.3217116752619
0.40012616962002
4.95320139449688
4.0581471641642
6.00749027984146
1.04257934487897
2.88586378723832
4.03174314365648
-0.960131839123306
-0.0235140352197614
2.92137326851137
2.7488931938701
1.26770419859214
0.619502047382285
0.944147688246708
0.940850269656712
-0.385710397523109
1.95486033804166
0.126696395855225
1.15468170105858
0.4274582857255
-0.117869394627135
-0.514968838945432
2.86477942005502
-0.721713948132311
2.39906062942685
0.473823211605534
1.23082218712044
3.7587508520557
3.40774066510577
1.24707409895166
0.989542969793131
0.361300185322303
3.81896511681428
4.41777323873933
-0.0149654151717447
3.14809199238138
4.08719188590493
0.563261219057882
3.59250829990142
-2.27442355361191
-0.975354521734407
1.10025564985923
-4.28925069174192
4.24516168957588
2.28580433240501
3.25559504779913
2.5181479939016
1.77442580514859
-2.96249743043294
1.59701843718812
2.3080861464841
1.26181635957233
4.23987963558195
3.6065741555312
1.00476156864795
-1.69693895550214
0.170409257417588
2.18396950455992
2.91711959545746
1.20017136282881
1.72678778383405
4.40566027720785
-0.468429687895426
-0.251765349334355
3.77078455610715
0.12394588129025
0.409745785750648
3.76318771562461
1.8123010080999
0.646636415070701
0.325420003563215
0.178881721157987
2.26602593065352
1.57518467419151
-0.589462098818856
-2.6071782324219
-1.71671474521451
0.0895854981641155
1.26754309777442
1.10142932132359
0.165498401715968
1.61743056320527
-1.6384292950125
0.946127192226891
-1.51776356287645
-0.560834513306411
-2.29332856249233
2.88924774209062
1.9754481598383
3.53128750937679
0.884276241065198
-0.389801791652723
1.99840187036378
2.42438203565509
0.106485295916701
2.63398654567261
3.04544462207929
1.03746299195927
0.657899168011986
-2.29595619312152
1.08447026813991
-0.309526769446346
4.12418191333815
-0.931711272776337
1.46376433360917
1.24914564934442
1.96523524921658
2.20442078924632
1.95127626841719
-0.106296237969449
-1.77333083480376
-2.68473418212114
-0.338786429659314
4.08553231192213
2.23419555369078
3.59849311709308
0.289852372464881
3.09170849595791
0.164905760729561
2.96558797990908
-0.837074056722511
-0.687204795182864
2.17841304106334
3.1428150227237
0.307324065096989
3.03818594422888
-1.68015331979764
1.9899297416841
0.536344578589625
3.36249810572087
3.01919673457834
1.35634607624365
-0.1377036016992
2.03486036921387
1.99642368067106
-0.471245874730266
0.00453938832699277
2.39954937593212
1.46536355876661
4.21729783529596
0.11271996858177
1.10451834222588
-2.3282344870621
3.31869483156158
3.70014460789485
-1.67595505247264
1.29763534193559
-0.288270388534092
2.77982898730951
3.62216597080121
2.48500049645363
-0.289031228449348
2.22144887169664
4.1050424546662
1.3677631532265
-0.156322062875588
1.76806717106686
1.22075998649317
3.09404714073985
-0.669408580526249
3.84262421085582
2.11327276737804
2.25162984143361
1.29799223528508
-0.741926664436835
0.0331218447816444
2.94578382338569
-0.882828478360643
0.017581188553736
3.03975119479242
1.49948797302001
5.061070240125
3.72091758293743
0.00410891441342387
2.44646361095523
-1.53916943503764
2.17616891489886
3.24686901857944
1.4635945566814
-0.318831301554503
1.54647867657416
1.99775833574701
-0.491317134611058
0.728368849860291
0.815243586135096
2.54748535534297
0.248235597338932
0.0779129425577486
1.49308464243882
-1.46461881711605
2.38839077843204
2.83917716121028
0.737087879569002
4.59876224401775
-0.557808829289694
1.40203634388353
1.9381164609775
0.504935561615941
-0.44986732266607
2.62797583062308
-1.59548977753231
1.33791577317026
2.87103812870938
2.21484815291613
1.1808165920084
1.78558989760425
1.33253301755289
1.20740811176192
-2.85714169054114
-0.118242674307154
-0.618022354860495
0.562009122887726
2.5899320066477
2.86751787192664
1.91246284585478
-0.469970790580683
0.209876874623442
-0.242404367998356
-1.6826605105915
2.0731159645724
-1.21304081581687
2.1320887054161
1.83487932698846
3.22812451511524
-0.396711210053809
1.10597445290413
-0.366292994644593
-1.95673864436339
0.829730008351251
-0.328811801749286
1.65429449450149
5.49626292830591
1.71509248194824
1.6176184208679
-0.362728740412098
-1.7840421961965
1.96297676016421
2.31073211509044
1.90389957358165
1.19377995257836
1.08061640222736
1.84964522193768
-2.09936803363196
2.43497709672221
-0.728187917939537
-3.55813694286007
1.55750702291973
1.22738029410568
0.153039464685863
0.646483753570179
0.818184242432991
0.219898331084518
-0.14719598028011
5.01452929288811
0.0722663497832984
3.69913888227311
0.555173984425349
1.58073861171
2.18409701477513
0.490878181134314
2.04270758001629
-1.01783782616682
0.875929020756457
0.0103212664249144
2.4638573567129
1.3312178160939
2.45022078399511
2.37153020977953
1.13503929790053
1.37328731231501
2.85070580724196
0.0462682535503998
3.6161100096658
1.3518038504662
3.11134934188119
0.60926778965328
2.01094117240762
3.40242746717815
-2.05314534206115
3.94687940982352
-0.672678347772095
2.0067855878493
1.88660370847615
0.858274173933175
-1.00068953634654
3.09592303302892
-0.582576646867738
3.59356287389643
3.82537835475712
1.52716051749331
1.25665173435289
2.01723218517298
-2.68534420351351
0.245888157145288
2.38060436337164
3.96231706768102
1.09094487910048
1.76158499602829
1.78032028590915
-0.772070640286479
2.26669780014385
1.30249712187722
-1.58779961348046
1.26689935285361
-0.245185254923706
-2.15793554966931
5.24458630688559
1.68275961793013
-0.00133078011494769
0.31866600749519
3.6380052993612
0.232410564682122
4.73084074406628
1.53918798957838
0.595035844768022
0.537100917626684
4.11203123848625
1.98502072737744
1.12790907589297
3.15911575770703
2.41882663008355
2.02854113628172
0.0699430039938371
2.53956323564377
0.82590638608809
3.92705926625159
0.726875919943917
3.54789702905119
1.84232376352227
-1.21215333726027
0.173691565800805
4.78860374085992
0.37979971741478
3.29039268163029
2.47892569150014
2.24245086796638
0.232963581064639
-1.23453849466282
-1.00390653971216
-1.17732372368351
1.69718999861607
3.38637615086702
3.17597540985387
0.510314791730787
4.22812541913839
-2.3383624762751
1.80894375052977
-0.959830961958943
3.24486925029163
2.03357058337773
-1.18782698105208
0.68558125030964
-0.482611789697305
0.5446816143497
1.46797324849666
0.0315547003928447
-1.85105008684174
0.579327563432524
0.348132328627532
2.73857937373082
4.08386725239401
-1.23044489319178
0.0934245470604548
-1.63325511351566
0.851698383241646
1.38297463340006
2.09128098982186
-0.482201490575877
-0.750029965344903
3.40878736764211
-0.732413246919122
1.45785760419725
1.73091994211378
0.997598029706054
2.10253807184815
1.4082947530911
-0.981198211103911
0.20920625739
2.78213701140096
2.31463372029234
2.27985980666658
2.75735065103553
-0.0701372734937988
2.86418486593609
2.77289298375742
2.24842471623829
0.866330703782096
4.64611266218163
1.38252949722423
-0.392893697402534
1.82478339887407
3.32162790241936
1.82014964168115
1.58525337857966
1.23040757075629
5.17572296333861
-0.982042172416123
2.89246866717877
4.08150489302892
2.11500902084022
1.81101037797166
4.16182160150797
-0.639014483231208
2.15966841873165
-1.49434362348478
0.927778939813144
3.97384676853249
2.06698588110304
4.25451315453278
2.34132346370277
-0.68243088171228
-3.01360895209614
3.1506260401938
0.311105279146714
0.643955769787792
3.19908638915848
3.75273023826628
3.37983142811614
1.48270053238574
1.2011404846748
2.91351004799228
1.39899839696634
0.773865487031434
1.78479208776812
0.693784598444485
-1.36082465906289
-3.55945938784243
-0.793542999971194
1.82770036234022
4.02917153670925
2.02740700721257
-0.666336325832112
-1.66293899286568
2.09871654506439
0.310553577162104
4.31252650886681
0.0376365481554099
-0.316755634913562
-2.21686198805921
3.12363668908178
1.95641203463677
-2.0847892177704
0.069186312415401
1.27718772246332
1.46846708827449
-1.78546725222884
-0.00122174279941228
1.47057169044079
0.722405498915762
0.819617025424928
0.286730063681754
1.11899274522064
3.42488977294779
1.43367412211357
0.439494709016919
1.75585349236778
1.19599925173598
1.34212567054911
-0.509074025321522
3.37141490947078
0.321775446136271
-1.18280530132515
0.787195997245464
3.37266358927294
2.3753510716271
0.638918336368891
3.30376231887948
1.73417147237421
0.845591989867459
0.906666042794821
3.88448953308961
1.64200838546027
-2.53342453451892
0.622157492115953
2.60661468631348
0.469135231268817
3.24099490979757
1.21526646250148
2.48065836977079
1.00312090376839
2.31373368807119
-1.79652116010834
-3.83321833431891
2.15880408558123
2.18294122638516
0.149846542014257
0.036279223048266
5.8195495448395
0.0171218052262412
0.930659221888198
1.47176307817922
2.23727771233875
0.575973719092607
3.48591984764453
1.80363656883718
2.0700748159515
0.949067252929626
1.82943543737801
0.938011676754693
2.02919061675033
0.267024768344713
-0.358808759928613
2.32384167824726
0.776965332788123
0.363922862743751
1.05541850595908
0.724342482866382
2.42746273314424
-1.18118520517011
0.970233757976597
-0.939363024300677
0.912996528735184
2.88477605893703
0.608073741593851
3.82893308735894
4.370153725465
-0.149199827004907
0.399366562571416
2.04314324410223
-2.32761069402245
0.54693567455626
0.374468708726806
-0.69810920912207
1.99743531609286
-2.31895864415811
-0.0166257277805368
3.00369523771044
4.20861794002489
-1.60262182430895
0.823230761821734
-0.691962979039763
-0.221457375574971
3.5971515656587
0.704688617805181
1.72777801470223
-0.0436143463883235
0.8448236838688
1.83059463682904
3.13420503146367
3.85245611598877
-0.239557480525456
1.77753259526064
-0.374065192908146
1.07834349550158
3.51045816126608
0.343741820549387
1.59582433898218
-0.0727318462721924
0.77656131466465
-1.3634498307811
0.92105488257531
1.98901747732602
0.560469851901602
2.82991215282794
-0.226262355379842
-1.63756892328764
-0.917971820184455
-0.934256671635587
0.22438180558633
-0.681962499053804
0.0923734011459405
1.86270071932362
1.282897354565
0.384606492545288
0.111531178499501
0.691697676494294
0.62319559314021
2.55822847682065
1.77930736004964
-0.940710705971924
-0.836613204210567
0.438138342254153
2.86280965458248
0.80728354452866
3.16891859515535
1.37322596950691
-1.77498542457914
0.969113105209856
1.27534250372028
-0.322406144032326
0.0260229518780281
1.066871196001
-0.852621010860821
-0.202651433667887
0.986070674474999
0.236626300142332
1.99786970164134
1.33871443241774
1.30773778740694
2.59189327939548
3.51330299419011
2.95782208776476
2.45340252579892
-0.247948342857583
0.822022080369013
1.15429832001883
3.15057288121731
1.52038302675269
0.735474469762868
0.210129072800944
-2.70161532906467
3.50698732704324
-1.12653336716609
-3.67215144765046
2.69434636073691
3.38653178155423
2.45324318001399
1.07273689472039
-1.283394176253
2.45604737444009
-1.11302483719327
1.74574393803246
0.0851652878517237
0.226741768111262
1.12505657804522
0.242514448304103
1.23697713235593
2.84044073532478
-1.27302111992773
1.2576113061718
1.70144733077691
3.81064926059286
0.354943599172374
-3.87180988884923
0.74485337101642
-0.614259541724206
-1.66125883938876
1.92580788510069
0.210058655721053
0.806941859022398
1.06401437701947
1.36131748162229
0.253821905469366
0.306456308652103
-0.487698163400348
1.93702073068182
1.98124561336219
-1.30693538893078
1.6832185135939
-0.162485145624813
-0.890152863778519
-0.241817656865464
0.425115485195138
2.40170285561957
1.13641862431127
0.525908449295932
0.663214612211073
0.10707945781591
1.41319132660724
2.79677453077842
2.13245175781993
1.34206395048092
-0.405527358939321
1.4469655068027
3.19059485312557
2.25751670167217
-0.241430773802841
-1.75264267993361
-2.55669137338397
0.690929968558212
1.61519759981455
2.29129681054977
1.54506306727206
0.805918300068426
3.00227562045993
3.89395255418865
-1.43613574581278
-1.2542995246097
0.0783913000445109
1.19016460229685
-3.06001929102729
1.65757484806025
-3.29652765887934
-1.23368187690498
2.60082915598725
3.06706259631658
0.965645381544033
2.04497444899374
1.01901131039033
0.127938645073709
3.36128435859267
1.30503921004146
3.65006597759397
1.37917268798842
1.8916703328338
5.00934085218961
-3.97210985213402
-0.633557217637578
0.524477576196266
0.876323062800802
-0.217385569243362
1.28035570304305
3.52118620818077
-0.449223816851831
0.0186049919338233
3.08782142842588
2.21121713181754
1.89345670234375
-0.806684056687947
2.19705107456437
-0.0183653964461843
2.38293911185291
-0.0581491204967701
0.560046019566639
0.968836717395187
0.166194528554213
3.89622491226514
-0.0817524903126041
1.67305815933778
-0.25950636536861
2.15507992898441
-0.812700285717818
-3.13620266380173
-2.15333545288469
2.21914929308198
0.224346008223362
3.78162713822237
1.94243748865078
3.09014727942223
2.05904756841673
-1.97251620824349
0.0482370515129382
2.17702317768891
-0.682012165652947
-2.81419485372449
2.78401920159332
2.16232603286515
2.81627530946647
-1.43207427730144
1.31884583364032
1.05364850851647
1.09410601263763
-0.995314639603862
2.48423087964008
-0.741931586283217
1.61192697739033
2.72748527079607
0.25698739507559
2.69748854659854
3.53672354105319
-1.50859430958585
1.1076240166967
-1.09231274458843
0.892077839968887
2.56215167587778
1.62378401458876
0.73057091337393
0.849076966176415
-1.07552291233068
-0.772788315475586
0.127606043726311
1.22753411206425
3.24907245427898
2.64339164037282
0.663735505366752
1.09783464652945
1.26585477311442
-0.0777646240508114
2.09549443351841
2.887945280248
3.11634771575553
1.24557506177511
2.03867972348156
0.152707007814565
0.443469777638448
0.53786589123585
0.298912837971217
-0.13953229153433
0.919495118400654
-0.830604494365397
-0.940861804844234
0.623339953875506
3.60928572924202
-0.0860768562734461
4.47591310789374
-2.20357226460795
1.20983646081703
1.26205372100026
1.87889067857593
1.66224184147405
-0.917635331833319
5.09742803674156
2.21092469646623
-1.45437921695182
-0.0801471516116736
-0.237135077509188
5.61009931565663
2.0862891264479
0.345157507344605
0.771584627949428
-0.202371022067633
-1.46869136066962
0.426481508697275
0.908274660605666
3.45978626923418
-2.16944486261709
0.13232113033475
1.16317416504611
0.93821272683711
-0.330344176853299
1.78348478729309
1.26294575998953
0.116396443234423
-0.220149054176622
2.74719072770812
-1.41826657292249
0.62316402965488
2.77583175890687
2.85181794786412
-2.26483038968648
1.16967989343362
2.03632119406092
-1.3981240308228
2.07647909404719
1.05610675471362
4.63048319705778
3.37451460806715
-0.145792307943603
0.634663505972324
-0.457561772034395
2.96524214602596
2.49855787140916
-1.30387966744783
0.507086474530283
3.35609322376734
-0.646101130248705
1.35176684798104
1.67264852043593
2.11476199585634
0.494992665491064
-0.660783973184565
2.39247056009996
-0.180601131752168
2.10899637940538
0.505612541375646
0.350887812764222
3.9735232045799
-0.912440377522488
3.63165909460386
1.987290260558
0.62414324616106
0.309047455775892
1.46333441019801
1.43010716385872
1.5345009687393
3.23207230258576
-1.75899843821386
2.62416741558673
0.489146317484879
-1.9048859305386
-1.06567447689818
-0.120882976630343
0.804687132386268
1.9154730012896
1.87464912570949
-0.308982201417912
0.365897675222105
1.57498782863602
0.377121658225249
2.55255584503328
-0.620185372346923
-3.24554588532936
3.44628150057281
2.23835475440137
-0.0872310002593906
-1.08727119909461
4.02154017242418
-0.0876204604554621
1.35059706771402
0.145919170353995
-0.120384786433527
-0.724059089741299
0.853272644755196
-0.856996689681137
3.95523026356634
3.87719168946857
2.10260846316598
-0.958741232148322
4.37813279614278
1.46239421636243
-1.81880916925797
-0.0775236532769707
3.29199997750812
0.678195209741969
0.107521353609666
-1.27161861916539
3.04873898515635
-1.67989256687881
1.42601581384125
2.4609130445827
5.14639009767651
1.29039087198906
0.118480103415405
1.83265243265248
2.68562321116831
-2.61576632794639
2.33256027701885
0.49678902771159
3.62958559921691
4.71302474659021
1.61551785933643
2.91996984827984
-0.10083749069034
1.7796866960612
3.12653797436804
1.34466393816306
1.51099746517705
3.46889818810955
2.31103890186242
1.29657008121357
1.93655870419524
1.37750915206657
1.78774191017447
1.20796217958018
-0.185250177311502
0.0686240216070759
-2.4014621779786
1.92540500779815
1.68532534161484
0.950824668336748
-0.182817269941222
-0.216519843718679
-2.43965310005549
0.927802932333522
2.51102982794179
0.574666791261934
-0.942251364554854
3.99956579702133
1.07113307254749
-0.327969430477154
-1.69712485321739
3.23762298772731
-0.277987518087239
-0.361920755446327
1.92472278380543
0.0674106721318684
3.66546320140019
0.605812338003459
-0.042979260127801
1.33560969533597
0.918432239409527
-1.3387851844402
2.85333775917681
1.6666532622675
3.81279351678577
1.96881312460339
3.72148083032169
1.86081449088063
0.688863024621755
2.73581986181199
1.4393654989471
3.50798530296813
0.692727394755953
1.74832100845847
2.2452631570623
3.72475275900693
1.04581421708566
3.14539343412669
0.301719629919798
3.50699480235903
2.92492251993663
1.40928634659867
3.26740564656262
-0.412218527952113
-1.76056281922917
0.00586854567804934
1.87261773217716
-0.782191855331708
0.170422600919481
-2.7835569849379
1.10875598885491
2.32590686604285
-1.34446423241852
0.11827557423683
-1.38927395215013
3.51654001517796
1.83343746330497
-0.175254179537796
-0.00556184835309076
1.36114779019467
4.16991266361844
-0.34125428463564
1.7780168037874
-0.291421157757135
-1.20000796794461
-0.487009877361658
0.612453041637829
-0.124281650074411
2.11852324912688
2.09882436422745
0.47834881299998
0.170912063367539
2.10569014947121
0.976325601418804
1.98998193991699
0.372216631527601
1.54806177357789
3.58510232067112
-1.78843388935237
0.387957652704221
-1.13485884526322
-1.15527929882803
-1.02590702926161
0.00821713392223705
-0.666946096187215
1.49614205548318
0.377122173792121
4.21502425909185
3.94995099332935
-1.42051378281661
4.76047834879655
0.633432403904104
0.149904110321936
2.25606638261715
2.12457411156114
3.39242707273801
0.991198365401281
-1.09144824382429
0.894283573677398
-0.17339503129565
1.10634609256343
1.22092162640223
0.203921442087188
0.673216361355832
0.507139923651374
4.73001940874815
-0.568755050714648
3.4714036020865
2.25312610311657
0.551049389366585
-0.458806897530983
1.21183926197544
1.09657836360037
-1.30793450050967
-1.32914249783688
0.580289892245051
-2.89500874021781
3.21221278645312
6.38144140985407
2.63505289730689
-0.80497463484079
-1.5991332413976
0.783632792846057
0.46530758002608
1.01802517541274
0.557554118679766
-0.286281353798638
-0.639733686240047
0.729395209931899
0.826236961788526
1.69310140869007
1.75199261236202
-1.42993256053606
0.370612443927958
1.78157690291216
-0.820511402330117
1.66610190276249
1.2120238759349
1.76986540331828
-0.274248925296351
4.28559910548382
-1.28644536901322
3.17686132218703
4.36130699762707
0.090863174315487
-0.568446470120452
3.44788828383522
3.36349681519273
3.20670785001443
2.74660641686215
1.30666827783758
-1.39017068132876
3.09368313444774
-0.986957583966951
0.186856044846194
-0.811913446379954
-0.325005607063714
-4.46884900765887
1.27509009242769
1.33736113601882
-1.39552982950243
-1.73904461194675
1.6276686868509
-0.511236470222008
1.79320551552094
2.8737625279641
3.0340318446808
1.45014160626627
1.52908130078009
-0.0534815917175768
1.98500599830956
-0.268559117465513
-0.964252823621799
-1.49738250283228
2.24084578988722
-0.671970134285175
3.63115543188967
3.20641447588218
2.6741064872841
1.65910626428407
1.33255915868638
0.50312038459101
1.36163500493173
1.37012834153783
0.341411931026258
0.577404307778615
-0.515165637744505
0.573209199740796
-3.53291933393379
0.946166979587367
0.946189855328242
-0.098294589625296
-0.654484768275158
2.85285093452639
0.469778759627554
1.06985499786064
-2.35540346816379
-2.26996437638697
1.7731910450002
2.58427816889563
3.81599630906743
0.210808433496711
5.82288220683771
3.95187081168296
1.41996313864978
3.02873151846109
-1.5829755444786
-0.0461002770348597
1.25594176978354
-0.314647852466378
1.12297563375669
2.9166489406502
2.29804425280608
1.02038548400227
-1.38938346347788
-0.195107648522001
2.1281725310495
3.61187895740461
1.87755800259392
2.97038123393809
-0.143856229802654
-1.38008440850456
1.29433374072861
0.476242841742674
0.791527400933209
2.1585206791669
3.98615269912761
2.02754191883012
3.14307033983014
1.84479224480572
0.216766883441775
4.20336909008563
-1.27948174944629
1.49153090367613
-0.343953856530133
-2.08111573931354
2.1343870176703
-2.39198822823814
2.27724645390389
0.325170211307677
-2.94615170335499
3.02937972465757
-0.4710479383189
1.23759186106974
-0.511754004359177
-0.198933871915104
1.74535300841531
3.15400005723135
0.504334938885734
0.572240947853003
0.347480452405148
0.723273950186185
3.9993475753158
-0.744460519111889
-0.981005002158013
4.13795602331855
2.5345313581165
1.40755254294336
0.928224315216622
3.4549682692088
3.3658250420245
0.700454679108697
-0.0448792979304032
-0.885361672491016
1.6915004724911
2.37664526351651
4.90654242959638
1.52208475919429
-0.913782750433869
2.26718513165546
1.87407657910263
2.41180455371241
3.4678853155867
3.22622640047607
0.0642907546483404
0.89272192829599
1.10708634354482
1.36788195975725
0.806403897136069
1.25898031736321
-3.0627441672118
-0.349110484404553
4.07153458525864
1.49034196988878
1.63478792442297
2.292030677936
2.03205247632058
-0.45532965279731
0.616483421323339
4.81274463795929
1.09351312172238
0.358377031928281
1.18451069236653
4.85405975834526
0.569800061434358
-1.25414957271189
0.435979252031577
-0.318665089640303
1.42587479129362
3.59562248611123
0.816881111727112
1.30777921972082
-0.855518140990167
2.26244219529125
3.90067600392893
-1.78625800822858
-0.921326159792601
-1.15358362652923
1.42166450726781
0.833084540800197
1.10039310521671
1.37846127718503
-0.0052577864861223
-0.361141611247377
1.92974862123122
3.08506831639348
-0.891441597459462
2.63449349002127
2.1783436180208
0.624605343993136
0.205818724175702
1.39028579292361
0.405373736909927
4.03867687192259
-0.0693975162375288
-2.75146807807758
0.763962006644432
0.141192860280157
2.83620189315208
3.47863186164811
3.63694347404379
-0.25285001506327
3.8646484929633
1.39267610562407
1.6677263326431
-0.185607308917759
1.40624907298751
2.72207324638824
3.0617051182085
0.522807413947316
1.94862240399272
0.0932888163202802
2.00764244770191
-2.17734032444264
5.3110222662148
0.93030629599974
1.24044867962446
2.85945319701564
2.94318109170798
1.40475209639724
-2.5984159492228
3.45874355213708
0.648919513828883
-2.81891371628345
2.90391350291615
0.510038519785236
2.20920690165824
0.881561555940741
3.23867413165781
1.53198026300584
3.44030630174239
1.24503575613547
-0.517857296287572
1.77014687995146
1.26543237375861
1.15551865476739
0.872528054666504
-0.839283819001954
3.61961186327797
0.846999330341879
-1.43239541095473
0.682998513851181
1.69978694158254
1.75527345608514
-1.13457074979051
-1.11270533411588
1.28937828378478
2.61994769386821
0.255886279652224
1.81114640926099
0.809905133106668
-1.89051634036712
0.715421452319229
2.26555433290233
0.362571534436069
2.71715515380529
4.07263473620452
0.651382604964695
1.01246753323895
1.21485465117315
-1.98745589615348
-1.52079552077799
2.18496002075519
1.49164274626835
0.925961887345397
2.23749783193655
3.09965703540418
-0.463738431015062
4.82117548577537
3.37188214240024
0.480959619696669
3.4481028023936
0.63210821048628
0.679296129950237
0.194543032622229
2.43577462920078
-1.16610187759244
-0.799444786150225
1.16440223564892
4.05150079111992
1.81658777190031
3.23568931541802
1.41133919823511
-0.532170679641433
0.897531628023678
0.87525287318321
0.0284935161794979
2.18428365710043
2.06941612178998
2.92663790442717
2.49281688567081
0.142266689188147
2.51763357049355
3.14919640136104
0.589512022882368
-0.0712747986100728
-0.570283611612086
1.13205023392444
3.72996948896132
4.04938160030976
-2.21360460902865
-2.79266863637626
0.419299452927803
1.23917189297781
2.84526220227701
0.595311366982729
-1.76594826585165
0.632749084276059
3.86615524562736
1.04031722273289
1.57208142614866
2.47677267577933
4.23195796973223
-0.456561928238217
3.76555940100293
1.48997036921032
0.391647747521456
-0.820734006658087
-4.23918836176995
0.0948546112549279
5.26322131685384
3.71785358674286
0.981744121304474
-0.274438984756722
-1.00844029631257
0.221452385144248
3.6381511693165
0.875214999331772
-0.397137126758726
-0.20744200030585
-1.20105908676432
-0.879238934028061
3.4516201320113
3.11245252430587
-0.325773568844688
2.46819813284702
0.583822827079643
-0.0369078627090871
-1.7735606883311
4.17090808909892
1.19676460804248
0.876745560237636
2.32629878229082
-0.628527005257939
0.789339964910702
0.253871537090234
1.4483484305141
4.30410673220745
-0.699938630094633
-1.01356656370637
1.78758721132202
0.621053086881576
-0.256455261342894
0.0207562185897993
3.78915171074924
2.29337570917948
1.6721316607746
-1.66197123479508
4.68259947179831
0.836019508280874
0.176082515634317
-1.14241609907795
4.97596272092728
1.28164180556777
-0.473134992718029
1.85881907685345
3.98331022994248
-0.265234564617471
2.96908547796202
-0.550348043748433
1.00023905863489
2.19974160145433
0.941910561269567
1.46673900456904
1.09276347008476
1.17404688543417
3.75656982142898
3.00315082191264
4.12825193802522
4.42666623680344
-3.84565142039597
2.33021822920322
0.514289160430118
1.69936712565266
-0.346695010634943
1.32261643154163
1.85071332541869
-2.0148903288656
-1.12594155833445
-1.72221552393447
1.79356098048203
1.03482278344943
3.1557063966423
1.45042292567225
2.18266983306714
2.39364296163717
1.74805715257911
0.462350418345774
-1.18943709054471
2.51201040440782
2.61679598029399
1.18149087562382
0.320428952644478
-1.18917029141116
2.63895713372867
-1.37533044585211
-0.703993593559453
-2.36752266150037
1.89477884633039
1.23147862124311
4.39473348518762
1.97628198982707
0.836541734730507
1.31950835456621
0.201794472047396
0.0154259379249467
5.09788995244548
1.5466078437972
-0.27953844114224
2.79114352868352
0.120492240428237
3.11708124360578
1.85598900364147
0.452040374079715
0.15988784799025
1.77679580727306
1.81714864853876
2.33331111480247
2.54045547082989
-1.02602493666157
-1.1825159358336
0.55553799535611
-0.423798687949096
-0.974182919762758
2.45757044751517
4.2447670241725
1.89439224492851
1.09124835923173
1.70445105019082
4.29476130058534
0.948754484797249
1.58502481482377
5.86074026415735
1.7673887919052
0.753856371206432
1.07357844342206
-1.73502022690911
2.16071903916173
0.930467281547857
1.92987546279043
0.0813621375365066
2.69482062273332
2.54706924018348
1.62962974304893
0.135097834358299
-0.521243608913387
3.84155315678438
0.459436052946863
1.77370780255595
1.58848059997153
0.990137025222515
-0.308713724562472
0.0126785439614101
4.53702710556919
2.32517962134622
3.27041945466706
-1.61748382820689
-0.210443794523422
1.15697605613646
0.741135636610364
1.38473623922813
3.64384204126953
-2.32686244422317
2.80290392124423
2.75392914025528
2.03972118222227
0.0981354432117215
0.681613363444307
-1.93832078494383
5.19963125497073
-1.71391461680436
2.57517332527702
-0.433422500070553
3.60909007446365
1.63829208545363
3.73233635325531
1.92876392898655
-2.4427526009935
0.00643775639695354
1.50327902529009
-0.225476419578436
3.46111241406689
0.482681790961925
0.882396170345038
2.06722489530093
-2.44663352791517
0.725494864171001
0.617627087113802
1.69714695595713
-0.878544155395793
0.332400653775249
-0.484337460447438
3.3764233271893
0.887298803880389
-0.834338353736033
1.15982071215019
-3.9683545688001
1.84761533574395
0.710655506722904
1.35297376096101
0.739186366607808
2.57166731892539
-0.752162927791796
1.33387811518694
1.7780880174312
-0.639975101474979
2.21141881667609
-0.240304860299212
-0.169397388454606
2.48322913956579
0.461181712842481
-0.266196318943329
3.50202214076586
-0.927992930641138
-0.803924353101873
-0.817649725218444
0.940485895973219
1.88481665071033
0.339687133226101
3.9810092963658
1.01582458724684
0.175090666485448
1.05934638452793
2.30186313174284
2.608698885058
0.400436034897167
2.05588207872479
-1.6122879723953
0.76645447607703
1.24782849637563
-0.121393570319585
1.26342776272483
0.689284836228968
0.690262731075843
2.07823366865974
-1.30589917788036
1.2733388630241
0.572094337164844
-1.12518813916931
-1.13564237954925
1.14757338264659
0.574230132837371
3.01504141712484
0.0539075318979171
2.79312587945612
1.00445254514876
1.22506218884261
-1.17250316980174
0.256206201056862
0.489142696949772
3.91333688887325
-0.133451975485793
1.48253137695544
3.05278427993109
1.03161249885431
-1.14352346967399
-1.36880540792355
1.56719958144614
-2.1984383492303
-2.54251709374182
-0.185278412998859
-1.99325218061955
-0.771953233633283
0.638797341097984
-2.0235973423284
1.10775057692748
-0.110760705097915
-1.30309195699064
0.839278100258581
1.28550497223751
-2.6694335209803
1.28741008968037
3.17696375307989
-0.727611554706324
0.744995775698261
2.9907255801887
0.440046896764961
-0.15522911338302
0.163495061718628
0.584190425492268
0.406000845381846
0.87736872129245
-3.93542498955569
-0.122741517284286
-0.108837161866044
0.250235717110834
-0.943879747910422
2.9269826289414
1.55108360821993
-2.64235704272974
0.469967133758913
1.55857007941815
1.85022744455822
3.2329471920074
3.26750618419965
0.313810275146575
1.05788008735705
-1.11217966225108
1.66347449097138
3.51124476236414
-0.100017300359843
1.45472330308621
-2.17796908664215
0.820929516523045
0.753240093411801
2.97755072104166
-1.29721599162617
2.46089268006267
1.09230937092004
2.20830204245273
1.69408677706486
-0.710305937031087
0.306382677256636
1.00033930021104
0.532062734163505
5.08679279624396
0.459479266479917
-0.736231651259225
2.56533351811512
0.316432176621381
0.240351847140851
0.291341505461813
0.92743090154987
2.5669327895933
0.133730379003092
2.85002879017684
0.202972069428925
0.303503133543914
-0.456109374455829
3.31060066069973
0.729237833604666
1.16273700901408
2.02351778469088
-2.93672788892313
2.78225715543099
1.96999477054547
-0.82860935899046
0.31399901348971
2.04136661067878
2.23813216808194
0.217626349588477
1.51880985679034
2.34931155159263
-1.7537312050176
-0.542444600797299
0.580261818921331
0.316640597840009
1.03633815819746
0.125218572374939
-2.56238539175168
3.80183031199964
-0.142499258633034
1.09544161684971
0.589222357675238
3.08639605550821
0.234681811235718
1.3126735644925
4.23647275202324
4.78636145954961
-0.793654493483556
-2.46686060324773
0.928206686019537
2.42558436550451
-0.376215946359542
2.28164557733158
0.419299728824043
0.749132560092255
2.34468363817218
5.79602194212399
-2.39910583479213
0.941379005605212
-2.25194279818278
2.27022072929536
1.17877489822446
0.833286989361001
0.38096652127063
0.847484482287127
-0.315021705951663
1.29818941400864
-0.405530671621033
3.13977618046077
2.3395574193375
-1.76200214935272
-2.59650204070324
1.44449277801886
1.91965273426397
-0.984121987660022
1.33790158555497
0.130960961607842
1.21168091824131
1.50761562413744
0.65425316293953
0.102692967328966
-3.24170110852499
-1.36986664383959
0.535846870966658
2.30802346992826
1.98064445759362
2.88747323320183
0.54642830611897
0.472794331611556
2.36305973469335
2.2988568555756
3.33414143790286
1.26241847146938
-1.57223004386797
-1.76949134467278
2.67269792977143
0.114016339769544
0.522224377488796
0.383185230482007
4.34885125085426
0.277220307965035
-1.37186219597378
1.8552455967188
-0.300917741715747
2.40909156058929
-1.92628212350816
-0.0103702323871582
2.66998359138181
-2.46134169074105
-1.79660582355104
1.21598770381549
0.68009728787911
2.52547872123319
1.77614391537346
1.08650334507625
-1.03150961009354
-0.815063998928831
3.53017448167746
2.79242741505799
-0.530989282629214
2.01819381363984
1.03000152949305
0.220532511870498
0.0658747891314214
3.52242767092042
0.645665436549361
1.84398908389172
2.02245089351144
1.8543629046675
0.36983989873937
1.87677145451101
-0.497451677180857
-1.60392109486241
1.35354319857384
0.641533869597314
-0.145346048583921
0.762038364805007
0.497622100573188
4.14994998266969
1.87232725892132
2.15544214694021
0.963498994590436
0.0828922875462259
-1.36434152784202
1.85558912409922
0.0990555617961872
3.38639021687607
3.15376039984057
-1.95547383379423
3.79224593618127
1.08929940308975
2.00853314419698
0.654672857488884
0.998594054455781
2.71368045488745
0.419148949091222
-3.37276157008013
-0.143940404528215
2.93597569834327
1.5434889231517
0.611267521902096
0.985915973565188
1.54724188044916
2.11519887820666
-1.08945261517352
-0.633883599044935
2.5425253823631
0.195700169703638
1.13415233947291
0.822715083141793
-1.09497203052585
1.73872423829296
0.886754541178946
2.22902592288779
1.86501996293161
1.79276683579038
4.35218882411943
2.64642869799836
1.38498702766807
-1.28353853083158
0.239405059387351
2.29241825686073
2.58802273286386
2.79236590803137
1.10333045571688
0.0903297483931445
-0.355640078887415
0.634617189420221
0.629545477906356
4.34951717560815
2.91869444541004
1.62537982120833
-1.55967700260535
2.70349959871759
1.63846150355793
1.15146623467936
-0.300411150450343
2.27448596285057
0.174394465167973
2.55024499432467
2.43103778071958
2.88018067399631
1.0027873400642
-0.309926033941605
-0.403500174790827
2.85905024009731
-0.896884941121983
1.28450270666148
1.06707165287478
3.86673671348967
0.563669410585962
-0.275241403993582
-2.0763007604536
-0.618306586556204
1.37281292833975
-1.46300365752405
1.7673016880823
1.08669380547338
0.0442629170144841
-0.232949688081152
3.75203103222025
2.63524584554475
4.24966410115897
0.946260520007433
-3.14848311633013
3.50619363659531
0.142774230547863
0.200665724079778
2.65567480799867
-0.253236250413911
3.59412235858019
-0.304260497180174
-0.0941729767428332
0.814665122910161
-0.149058283225438
2.57821389134069
0.562974328935259
1.75477404915446
-1.47893414708343
0.543584714858094
1.51340364737888
-0.0472213778568204
0.703789717700384
1.73522139493282
-0.403708468742776
1.71276654249821
1.60053517501594
4.23003814677618
0.615653050545105
6.06673473294736
1.00834021630174
1.574643957733
0.54999240857279
0.683525982004828
0.0158629881020274
2.53024764820591
4.31638723737804
-0.444561551662132
-1.42866653441626
-0.960559344931561
0.685026480951434
3.83228007391456
0.681125887333812
-1.11330487907894
0.87325286696836
0.611951709315119
0.632601154300536
1.33645558534681
4.01255011739839
1.35715220244858
-1.14904568617993
1.62391413874301
-0.305574802641973
2.89103510328022
-1.39771121207991
0.142907103974611
1.11392221185456
1.52018606770681
-0.590606488137348
1.21692914132127
0.868657226058195
1.92799772241221
2.00952778176123
-1.9875450213568
-0.0195816112472411
3.4399052517763
1.89518701193507
1.64930319841776
0.452321089221949
-2.41526014311686
2.65079023249626
0.615716679765903
2.17119698965233
2.16115489294619
0.309207873424429
1.06677527237698
-0.0808437550723313
-0.586700232327497
6.57925068343793
2.59463137740215
0.480869281122851
1.28375576293342
3.65513340077732
0.585894606718175
1.52023341092147
-0.488957352657509
-2.81375659947866
0.944628462100222
-0.804430684050495
3.32111110138438
-1.10011258877224
-0.185020140979941
1.25012432733319
0.730881878838616
-0.472972955758619
2.11637740894542
0.763273241079308
0.49364894436653
0.249617121357201
3.8410764876472
-2.43264516849003
0.430821216400748
1.3511941402514
0.567527629694313
2.73784554364867
1.14970947645762
1.31657209085769
-0.299681990612256
3.94915115846202
-1.25732730609493
-0.286184506412392
1.41223838767429
2.29771959738291
-0.204996099046704
-0.029108658121525
-0.174192545756825
1.12597332900045
1.67073526827592
-1.62091855421897
1.71896150028363
0.347723346673995
0.63809523699792
-0.949993235823002
0.197097976073054
-0.160401183452555
0.322987224974736
-0.79602738516043
1.4945247653618
0.477118416348537
0.687715839358622
0.338623570247111
-0.175234128569562
0.977551439607978
2.9369461820348
0.544218407423129
2.37463978212391
-0.177888947420318
-0.584528542477367
2.62255178773376
-0.562927733126972
-0.709842327038798
2.83715833471885
2.06090343563996
-0.760236457748458
4.60833153972013
1.74490538034951
0.526682340964914
1.31788686743621
0.868448410283452
1.93224213757593
1.05082993956834
-0.323195776817186
1.22228268039382
0.569079134902567
-0.308770137397179
2.33311037863653
0.27311472468095
-1.10968466149116
-0.581634261614772
-1.00366711302306
2.43063620395148
-1.21904377730908
-0.281073012047425
-0.539821208865854
0.49789264162348
1.24945415597717
-0.943129621128457
1.06787467873448
1.96474429611079
2.38881943777767
1.50413581010494
-1.73452699119697
2.15898683240626
2.68997422921123
-0.486462438045973
2.6760437813398
-0.0627710393302146
1.05678896164774
1.33060717124735
1.86983055257533
-0.860068591123172
-2.52935685338591
-1.29075839412389
2.17338008041997
1.95386110986561
3.95319257308656
-0.255925513437267
-0.817101271752415
0.216802655097412
4.8538741495402
2.69376192618201
1.36712771454762
2.10947316900251
-0.893882117315489
0.272802553807042
-2.00039001847244
3.00527317462729
-0.455887199253245
-0.669229197434707
0.404917075088707
2.22934677895683
1.42930362184489
1.59874352729362
2.4364871463742
1.32573840699507
1.21165383650609
0.659481797763896
-0.0253842915848289
2.05625611845869
-0.666845374595489
-0.861710178007662
2.92334497690561
0.307267653913501
5.06076742323949
2.45646505512995
-1.78361627255615
0.571734148002331
-0.32556884831569
2.27401601465059
-0.650641320908569
-1.69887635230344
-1.03808470883047
-2.37669097979393
3.06830239883614
-1.81804293319885
0.834810327996345
-0.260827911676414
-0.205552919398202
0.395803797630038
3.57083259062256
2.45531754792845
1.42131947127596
1.19069458781104
1.09437424469713
3.99013090086063
-0.0552194792728371
1.98199332627967
4.35708914158135
-1.53582781399855
1.62359275436944
1.93171357022678
4.22470099717993
-0.455313732147343
2.28681290452766
0.820966008280356
3.33959007715978
1.61425433196195
1.43164244783735
2.52704677872887
0.606614246601944
1.29787033439636
-1.09418991584198
3.1403879475963
-1.44117039641805
0.0153642085887884
-0.702542835562983
2.18753294686281
1.6327697725278
3.05837324301694
1.14210403169818
1.97210715412652
2.7403292212177
1.13076162036184
3.44164088195755
0.178003198902863
-0.676171955939851
0.94930671814929
1.61094120129471
0.0423634860881384
3.5627284320987
0.808751443060513
1.12682896502658
1.21587377412359
1.73328399110802
0.728563969488964
1.86568482034447
-0.583887932823326
2.84891758275908
3.27315183158605
-0.127881770549643
-0.56009225769246
-0.0396236122625591
0.905174968892691
1.50604819574802
1.00461550667414
3.27427360133671
0.0474667336276273
0.354784972644017
1.63646559066452
-0.90931783452879
-0.208829936759611
1.49322954192867
-0.774385548195747
-3.17228783490013
-0.414693503930037
1.34680188550443
-0.453597316928812
-1.61185223471103
-1.73773420718461
4.54299808115837
-3.37973544151461
2.34670315892813
0.61968213282151
0.464131930074411
-0.895156847812217
-1.58243767434646
-0.36348267023101
1.89384632702881
-0.656441915616674
3.57991678743599
2.83271328301636
2.0160277474316
0.997111407535664
-0.407412628147281
-0.677210380474948
-0.489928128435613
4.08261794602286
0.953524750531938
2.18744080312862
4.67581853479935
0.724530803200785
2.05321243329922
3.02189025158848
-0.919200618847321
-0.17088494328466
0.811005168615307
2.36951315135185
0.22273230431113
-0.218565241495117
1.7113409073449
0.947423116701674
-1.74880471737866
3.74376487542475
1.93681365600261
-0.295708274554372
1.93965467890346
0.405993264122534
3.3665635257255
2.39941233516144
1.58846528594746
2.81548296319064
0.558473972327385
0.118806907981662
-0.684159178036101
-0.366369302192594
2.32268646330451
2.08008676772994
0.352358063383228
0.3861409593564
0.942765058298155
-0.585568856011773
4.54211902382695
1.64195215324275
2.47599670877958
1.71941669270653
2.78896283035161
0.171747759494493
-0.503854283360835
3.38186519171267
2.06098173704506
2.07365507927331
-0.530204427473094
2.42483332687891
4.47906667451811
0.598739434743941
3.35934433850744
2.43486833560126
-0.351608527598944
1.62885259700068
1.19684649312721
1.9600707085509
4.47613866762837
1.65633149860573
0.134994498545119
0.474367901477551
2.23381293756891
0.279499748509268
-0.654995945867313
1.14607247740702
2.52000811391522
1.95435983379706
-2.4678218845304
0.898378396630336
0.1225158633409
0.721810386197703
3.16100297323991
2.20297667959917
0.109255355032851
5.19889112554673
2.10630920691013
1.39355522327791
-2.05350162609078
1.74373062291812
-0.569130178387241
0.0392806583510064
4.01073102773095
-0.343335695030792
-1.6605031931607
-0.463244754858571
3.40942914080286
0.0769244603946356
1.2123243325789
0.49325006431623
2.31531948555129
-0.651620564341829
2.16572127241401
3.47683615552631
4.01013253388238
1.5842224147046
1.58825061586743
5.14675141133509
2.32599993165572
-1.29374600247099
1.25672593880244
2.95375687071143
1.39069398840552
4.39853764372796
1.77320077915255
1.60626602279749
-0.178881113985269
-1.46000660815777
3.36086689448314
-1.62551149501376
1.19277438571501
3.00782080925512
-0.409353839820671
3.9855812060533
0.61813185298036
-0.88672771153656
0.377787430772652
1.73960564015581
1.1405117484381
-0.34350318408445
3.87711761587819
2.50919037974916
2.50515561401334
3.86075834665026
-0.285190059251355
2.96914910462156
-0.0536486534182241
0.890255406788461
0.943797743652768
0.740321048844335
0.699255250717915
-2.77373951183772
3.19314288196214
-0.784564200836019
0.393573590625335
-2.36419664046692
1.71375229669188
2.10904760088637
-0.337452221634333
3.08827806784516
1.82504677150162
0.226849531770181
-0.264198507239802
3.65616314639531
0.179006395161878
0.676134388759364
1.8436368944114
2.15629181091907
-2.1773653923176
2.4660336079421
3.01009488222947
3.15089121711431
-1.90070241487242
0.0248439664815824
-1.28055209079166
1.75116636983131
4.2547686991239
3.44358537700764
-3.11979731627725
1.28850907033611
4.39150982292305
-1.64659062443923
0.493298246224791
0.186005409895027
0.0518524574840888
0.863706257355354
0.570675652698683
1.97212735878576
1.8380866639433
1.1929197063757
2.07258812651263
1.83732477306531
-0.0207699083354136
0.555677683276479
-1.60952517246358
2.47557889755511
1.95177108834097
1.22953061703247
3.51948321754622
-4.89382621386488
-0.31656913037253
-3.3137924126083
-2.12415061426498
3.02857210956286
1.96775415257449
1.99469749412266
-0.146067241282378
0.607842487794473
-0.64734830109565
1.10497773317809
-1.20984515989489
0.809215054080365
1.54032737287033
1.60713321341936
2.88308071171293
3.7840155153698
2.21950717334923
0.924930021333042
-0.537547781212403
3.65602442261076
0.554532854420814
2.65711088428454
0.796572928228002
-0.712640094418299
3.08954498547962
1.10191048676984
-0.25430486936026
2.9300045901598
0.813703188242744
2.57620953440937
1.13114189923888
3.34174937329435
2.13999727054569
4.20315033068374
0.581747737199512
3.06735501322604
1.61193154737377
1.6378810653458
1.54902837871077
-0.131891467321291
6.02378350539513
-1.08772886001105
1.30344698462437
0.559512338971703
1.88899452876428
1.63551784850665
1.56677929950392
0.764088892368244
1.81391436219553
2.60116049962096
-0.434001618127832
-1.69485210073156
1.09965269417201
1.38005486648184
1.31208737382994
0.930116544831909
0.53011323045802
-1.26773919574255
-0.358002004518318
1.52388780709468
0.105612691723448
2.38017774916968
2.13778143026865
3.02127714102856
2.55422992077138
1.97328462847603
1.71244063469186
2.34514268494201
-0.587049108064844
1.73827810872696
1.05414038574754
2.09465744259275
-0.116956090641314
-0.174969994616193
1.51367505591211
1.55639280315353
-1.46096443542191
1.48428250821928
-0.109232113669335
3.88851331406879
0.804998733957134
1.19106895791872
1.36903480834789
4.50876600571568
-1.25176833628214
-0.235112021619389
1.87471385179653
0.216890930954105
2.16952356568682
0.202896666954127
3.09218858662154
2.14931813276851
-0.0954130733815395
0.823263708680237
4.10456672377821
2.67567382356009
0.796300410609373
1.38188118572797
2.14646825230362
2.66579394418613
0.544905943412446
2.69175021232639
-3.37050975678051
2.29802251804743
-2.01918066197386
-1.68554339192199
2.10282301437012
2.16649360671518
3.07463784601133
1.41890085756744
1.68793921779612
2.52189013173626
4.97387427082718
0.706621409844183
0.843824520110594
-1.70652559860332
-1.21453144987111
1.79597272212279
0.757239557016835
-1.15115190644641
2.97246707290071
4.24785924831467
0.0493682655951051
0.434743073129
-2.43661267248299
-0.906880341935527
1.45374788726132
1.86725328683238
-0.788537082001465
0.538835642656655
2.27543236956667
0.948036150599332
1.44759031150129
1.24741809903432
2.54233701249809
3.87454033984281
2.88333599704444
0.542316573205809
4.26243920860721
0.0937940817386134
0.953800934560979
2.80117200820501
1.48197256503973
1.33670589678813
1.01725275305718
2.85236304446072
1.12362949123096
-0.305727026548576
0.924362051701307
-1.41026831464145
-2.20157440322955
-3.10373501506861
1.92975546183382
-1.53764744603463
1.24501420334893
2.04034535734356
1.4914833209123
3.10781399348226
1.09970987968332
2.12427311187366
2.29804843043375
0.81021731727741
1.87580268798866
1.31806536135367
1.92098657983457
2.91618189812666
1.49696044843944
3.79577347133727
1.46571157264662
2.20238750142868
0.297919751161674
-1.87871964159194
-2.31177669198501
0.43712932413695
2.4052681712633
-2.57865901051629
1.2047060566012
-1.55451686916079
0.741053417511972
-0.453333173790576
-0.633716935225566
2.17373715230886
-2.65118956248363
1.62281392441182
0.00929619273310112
1.30589701701848
2.47930859903924
-1.10604729393539
5.14794608032552
0.259701286880421
1.2037049904865
2.39002062171301
1.63156145848065
1.54877274577164
1.24709568138468
-0.865946179547195
-0.0919232556888429
0.260283846588127
3.04515472136947
1.04941384351732
1.90950975642858
0.516267581692662
3.46657681171321
0.442149900196204
1.96654292463701
2.37804346958833
-1.7783173936584
2.49187656118327
0.684356387678264
-1.51406277888353
3.51499728260079
0.200633126605985
2.13540722370808
2.64368102371176
1.22592139988372
-2.08629399158399
0.0269497870305873
2.4237189305819
4.58698826557705
4.02150137347252
1.11375189205906
0.103632135603837
1.86772867073738
0.86046475406601
-1.71245035159606
-0.652966465876863
0.603454839168043
1.90845685716176
1.32872939752045
0.524122166589315
5.01391119303286
0.244643885996465
2.82670438472569
0.252899215144997
-0.811363627548195
-1.85751324958587
-2.22682582974949
1.04758861979705
3.10521101141117
0.258339244244908
2.97298443088949
0.314205932099684
-0.698711612796612
-0.321731958585458
-0.963918375974414
2.72073730578181
-0.987507016944549
0.149903023053806
-3.23338836263555
-2.05060627890734
-2.05372069117891
-4.96153998646927
1.98086855248128
-2.68480553320052
3.25468992442714
1.60655128579624
-0.526957924710355
-2.26265348262219
1.03202039868268
-1.74338023515237
0.891870571458502
-2.06912318791557
-0.812371258329138
-2.00096309291559
1.53413735266798
1.16859039919459
-0.720069256513817
1.25531588474487
0.659556086014835
0.925932830017274
0.251887706551127
4.55967517053838
0.636956386202902
-0.262665873991579
-2.57153425185334
-1.7872789020269
-1.69424262461285
-0.308617223456587
-0.206054156117472
-1.46245149299458
2.26172342636496
4.63920176628022
2.4175447071599
1.34122821147851
2.29058598681166
1.81130823643264
-0.348940370830367
3.34762819211462
2.55397232966315
0.0375776211928855
-0.972019998974864
1.59693988524782
-1.27471184750147
3.57263632578805
2.22681274997138
2.55308640932796
2.79674696343657
4.11868778978042
0.724900232810206
0.79075759700307
3.29411777849485
3.00804768516942
0.0543079593175926
2.0660526060214
-0.79700628180585
0.178864766172432
3.09707853491669
0.0264636380319114
1.4548239602189
0.629766495443693
3.12224514545683
-0.406409626720668
-0.273145192451465
1.06208226446709
-1.72694670127213
0.867295759612976
2.54913179459856
-0.813652325221011
2.27090871410235
2.73472835759255
-1.2171135051241
0.364795813211302
-1.70458204573526
-0.318549144141408
3.00010333822152
0.50557484132658
-2.34692684399764
-0.0106450877154043
1.56201758747668
1.9641649130028
2.63039054134314
-2.37570388809131
-1.47898795752496
-1.14705352748575
0.153522467121691
-1.77242240890445
-1.71042119251513
0.100940535416878
0.115543646287786
-1.50065179955235
0.857335729568674
2.54496693431471
3.43213492119007
2.07040814053476
2.74724018038827
-0.401949221254372
-0.543454168412104
0.876577718053739
-0.122630587493288
0.898585392987214
0.261052815375267
0.036036865205205
2.49553105977124
0.920504169930414
2.03383530428051
0.489407148151162
